time	x	y	orientation_z	orientation_w	linear_vel	angular_vel
72.941	-0.0069371	0.0538717	0.800428	0.599428	0.357282	2.32015
73.141	-0.0414037	0.130734	0.884728	0.466106	0.406333	1.85607
73.342	-0.11692	0.216773	0.93356	0.358413	0.513823	1.44187
73.641	-0.265897	0.317966	0.971943	0.235151	0.688055	0.927682
73.841	-0.356635	0.359429	0.981521	0.191215	0.740257	0.759801
74.041	-0.4996	0.400622	0.988904	0.148186	0.767561	0.60554
74.241	-0.642984	0.425693	0.992421	0.122091	0.788398	0.517388
74.441	-0.789917	0.456802	0.994881	0.0994934	0.813127	0.522361
74.642	-0.951192	0.474203	0.996555	0.080019	0.809227	0.556796
74.842	-1.10299	0.492627	0.998296	0.0523347	0.786918	0.62882
75.141	-1.28704	0.509697	0.999366	0.0178696	0.488662	1.3
75.341	-1.38679	0.504565	0.996918	-0.0715434	0.480077	1.3
75.541	-1.4914	0.480406	0.986936	-0.157445	0.7105	0.337036
75.741	-1.63742	0.428786	0.980194	-0.194407	0.803689	0.23103
75.941	-1.79357	0.346924	0.975534	-0.215911	0.749465	0.133696
76.142	-1.91898	0.28877	0.975699	-0.214593	0.645963	-0.47764
76.341	-2.00442	0.251954	0.980674	-0.190176	0.615523	-0.697792
76.641	-2.15662	0.18789	0.988097	-0.145665	0.622148	-0.569676
76.841	-2.27425	0.157596	0.992092	-0.114291	0.612016	-0.657881
77.041	-2.39255	0.135498	0.995135	-0.0821077	0.622716	-0.511177
77.241	-2.51736	0.12879	0.996198	-0.0657599	0.62666	-0.436548
77.441	-2.63956	0.116467	0.997406	-0.0398222	0.63341	-0.922975
77.641	-2.7634	0.114157	0.997781	0.0212229	0.645342	-0.955916
77.841	-2.88231	0.13347	0.993604	0.0912065	0.654362	-0.872651
78.041	-3.01105	0.162526	0.98872	0.132496	0.682564	0.36787
78.341	-3.19679	0.208702	0.971309	0.225827	0.6825	-1.13541
78.541	-3.3071	0.271934	0.946482	0.313361	0.684939	-1.09915
78.741	-3.39024	0.28874	0.919047	0.386249	0	-1
78.941	-3.38935	0.286044	0.895375	0.438873	0	-1
79.241	-3.42215	0.286091	0.848222	0.524516	0.735059	-0.593972
79.441	-3.478	0.485168	0.837669	0.540585	0	-1
79.641	-3.50563	0.563532	0.811437	0.579134	0.817034	-0.417928
79.841	-3.53247	0.541236	0.782168	0.618086	0.858122	-0.424066
80.041	-3.55814	0.675176	0.755134	0.650451	0.738269	-0.569776
80.241	-3.57488	0.821827	0.737086	0.670203	0.772774	-0.434642
80.441	-3.58687	0.960785	0.72606	0.681547	0.786879	-0.343061
80.741	-3.59419	1.1942	0.704743	0.702623	0.786353	-0.369911
80.941	-3.58985	1.31953	0.69874	0.707986	0.721195	-0.0141443
81.141	-3.588	1.46252	0.695673	0.710415	0.718602	-0.0060516
81.341	-3.5853	1.60366	0.693542	0.711904	0.703145	0.0444234
81.541	-3.58117	1.67452	0.692782	0.712186	0.693199	0.0777357
81.741	-3.57832	1.81168	0.693834	0.710567	0.692477	0.0880967
81.941	-3.57601	1.9492	0.694973	0.708831	0.684315	0.115577
82.141	-3.54073	2.15841	0.688819	0.714202	0.678745	0.134654
82.341	-3.53715	2.29327	0.692905	0.709628	0.673856	0.158181
82.541	-3.53535	2.42777	0.698157	0.703827	0.673013	0.15274
82.741	-3.53879	2.55063	0.700686	0.70065	0.681027	0.130444
82.941	-3.53973	2.68825	0.704707	0.695883	0.702933	0.0455469
83.141	-3.53554	2.8033	0.712299	0.68736	0.687556	0.0944399
83.341	-3.54112	2.94305	0.714494	0.684302	0.770573	-0.394045
83.541	-3.54532	3.08836	0.710088	0.688016	0.704206	0.0393152
83.741	-3.5227	3.23325	0.70671	0.69065	0.713087	0.0133587
83.941	-3.52509	3.34027	0.707812	0.68889	0.773958	-0.379578
84.141	-3.52678	3.48851	0.700677	0.69518	0.711595	0.015981
84.341	-3.55898	3.63268	0.695682	0.699192	0.712897	0.0127662
84.541	-3.5582	3.77556	0.694703	0.699381	0.721352	-0.014679
84.741	-3.55725	3.91881	0.693572	0.700031	0.653706	0.883117
84.941	-3.57558	4.05716	0.727392	0.664719	0.659286	0.775021
85.141	-3.59437	4.19641	0.757992	0.629205	0.750423	0.845511
85.341	-3.62784	4.33973	0.796242	0.579348	0.738722	0.918478
85.541	-3.61874	4.49023	0.845776	0.503664	0.711459	0.891037
85.741	-3.57877	4.63992	0.878856	0.443092	0.750565	0.763434
85.941	-3.67134	4.75984	0.905101	0.386146	0.745059	0.650941
86.141	-3.79802	4.81287	0.927083	0.32934	0.843968	0.399558
86.341	-3.92552	4.91184	0.934697	0.306245	0.846917	0.339457
86.541	-3.95158	5.02502	0.939539	0.290338	0.85454	0.293643
86.741	-4.09229	5.11776	0.944297	0.273393	0.841994	0.319297
86.941	-4.22853	5.20082	0.947956	0.259441	0.860567	0.240304
87.141	-4.27607	5.32722	0.947646	0.259514	0.872049	0.257729
87.341	-4.32764	5.45766	0.949488	0.251444	0.809633	0.420269
87.541	-4.46367	5.53106	0.954387	0.231303	0.838244	0.40056
87.741	-4.60064	5.62356	0.958447	0.213047	0.822729	0.476558
87.941	-4.74257	5.69418	0.96324	0.189696	0.819114	0.426531
88.141	-4.88835	5.75032	0.966437	0.172241	0.820661	0.443624
88.341	-5.02884	5.82436	0.969289	0.155117	0.821053	0.448429
88.541	-5.17703	5.86964	0.971936	0.137487	0.788548	0.450632
88.741	-5.31835	5.90748	0.973487	0.126247	0.72933	0.178195
88.941	-5.45179	5.97039	0.973549	0.126629	0.583386	0.289506
89.141	-5.52903	5.99014	0.974618	0.11908	0.501115	0.326844
89.341	-5.61929	6.01138	0.976424	0.105541	0.407332	0.365806
89.541	-5.72654	6.04468	0.978714	0.0854846	0.316559	0.437954
89.741	-5.78204	6.05351	0.981323	0.0551809	0.237971	0.552193
89.941	-5.82618	6.05759	0.983263	0.0190279	0.194109	0.565845
90.141	-5.88749	6.0711	0.983916	-0.0178112	0.145886	0.72523
90.341	-5.91483	6.06965	0.982044	-0.0746305	0.113948	0.864914
90.541	-5.97416	6.06986	0.976887	-0.131151	0.0944022	0.866534
