time	x	y	orientation_z	orientation_w	linear_vel	angular_vel
2160.03	-9.0011	-1.89837	0.685971	0.727627	0.550299	-0.318058
2160.23	-8.99004	-1.75304	0.66636	0.745604	0.82242	-0.367032
2160.43	-8.9753	-1.63417	0.647514	0.761992	0.818208	-0.322382
2160.73	-8.93072	-1.39166	0.602518	0.797931	0.853371	-0.334884
2161.03	-8.8593	-1.14118	0.551649	0.833737	0.913177	-0.331156
2161.33	-8.75121	-0.903672	0.500393	0.86522	0.98923	-0.367805
2161.53	-8.65833	-0.73609	0.473105	0.880227	0.953568	-0.214462
2161.73	-8.55375	-0.581509	0.452224	0.890893	1.00819	-0.189306
2161.93	-8.43665	-0.428252	0.434145	0.899568	0.978668	-0.171115
2162.13	-8.32784	-0.291373	0.434596	0.899105	0.876522	0.131695
2162.33	-8.22653	-0.156796	0.437665	0.897364	0.845494	0.140258
2162.53	-8.13267	-0.0376055	0.416548	0.907138	0.856669	-0.429996
2162.83	-7.97705	0.152117	0.416152	0.906918	0.866767	0.149927
2163.03	-7.90389	0.248408	0.422603	0.903681	0.876421	0.159519
2163.33	-7.74361	0.448593	0.43286	0.89831	0.863899	0.149068
2163.53	-7.64624	0.584314	0.436408	0.896235	0.859377	0.146929
2163.73	-7.54267	0.719452	0.441459	0.893377	0.84846	0.138104
2163.93	-7.44366	0.851692	0.446847	0.890315	0.850237	0.148964
2164.13	-7.34985	0.976739	0.449683	0.888479	0.844399	0.155065
2164.33	-7.25183	1.11282	0.45344	0.886136	0.838265	0.148886
2164.63	-7.11124	1.31346	0.458726	0.88276	0.799063	0.141975
2164.83	-7.01368	1.43544	0.462396	0.88039	0.816008	0.152502
2165.13	-6.88008	1.63797	0.467195	0.877141	0.842026	0.151011
2165.33	-6.78752	1.77174	0.471196	0.874489	0.815792	0.139838
2165.53	-6.72437	1.87547	0.472297	0.873525	0.79011	0.131119
2165.73	-6.63761	2.01394	0.475847	0.871053	0.800999	0.18488
2166.03	-6.51546	2.20751	0.481118	0.867424	0.706142	0.203098
2166.23	-6.44728	2.3205	0.487559	0.863457	0.632999	0.21555
2166.43	-6.38684	2.42398	0.49503	0.858923	0.577381	0.22766
2166.63	-6.33218	2.51224	0.50403	0.853499	0.504234	0.237793
2166.93	-6.25137	2.61203	0.516993	0.84562	0.433595	0.260113
2167.13	-6.22272	2.67385	0.529298	0.838069	0.393573	0.269334
2167.43	-6.1827	2.77053	0.543084	0.82932	0.288814	0.203248
2167.63	-6.14979	2.83745	0.550695	0.824481	0.293517	0.225926
2167.83	-6.14075	2.8655	0.555815	0.821322	0	0
2168.03	-6.13135	2.89046	0.562782	0.816806	0.19709	0.242926
2168.23	-6.11519	2.93225	0.57308	0.810003	0.101712	0.169843
2168.43	-6.11055	2.94678	0.574857	0.809112	0.201025	0.0472375
2168.63	-6.08777	3.01128	0.566877	0.814784	0.389864	-0.0689892
2168.83	-6.06686	3.07123	0.558847	0.820431	0.27909	0
2169.03	-6.06243	3.09343	0.561029	0.819274	0	0
2169.33	-6.00547	3.19521	0.552275	0.825305	0.566578	-0.231503
2169.53	-5.96486	3.30674	0.526373	0.841776	0.603468	-0.304327
2169.73	-5.90482	3.45173	0.494049	0.860598	0.905841	-0.396172
2169.93	-5.8207	3.62623	0.456201	0.880483	0.980839	-0.43673
2170.13	-5.73175	3.7948	0.419301	0.897903	0.927394	-0.519784
2170.33	-5.663	3.94903	0.375999	0.916208	0.896192	-0.498784
2170.53	-5.57146	4.04007	0.359979	0.922167	0.874169	-0.346674
2170.73	-5.44401	4.156	0.336422	0.930372	0.875303	-0.392941
2170.93	-5.34613	4.26297	0.31614	0.936864	0.797201	-0.469329
2171.13	-5.22519	4.35254	0.288258	0.945293	0.675578	-0.539281
2171.33	-5.10079	4.43299	0.265228	0.951485	0.829109	-0.0755993
2171.53	-4.98227	4.52888	0.294231	0.942167	0.932603	0.139756
2171.73	-4.83403	4.63272	0.312067	0.935614	0.909316	0.133504
2171.93	-4.69452	4.73623	0.329665	0.928942	0.844557	0.110668
2172.13	-4.53921	4.80573	0.345092	0.92297	0.851903	0.163351
2172.33	-4.43176	4.90006	0.357347	0.918122	0.672092	0.110512
2172.53	-4.31807	4.96659	0.36627	0.914586	0.5616	0.0412697
2172.73	-4.25394	5.02419	0.363562	0.915778	0.30491	-0.214917
2172.93	-4.24692	5.03166	0.327818	0.929735	0	-0.633304
2173.13	-4.23577	5.0681	0.283379	0.944779	0.186077	-0.861375
2173.33	-4.17923	5.10097	0.219183	0.96198	0.503159	-0.967783
2173.53	-4.06262	5.20423	0.141673	0.976224	0.83538	-0.911507
2173.73	-3.89068	5.24616	0.10005	0.980844	0.893073	-0.705234
2173.93	-3.7623	5.31189	0.0796596	0.982116	0.582138	-0.0307614
2174.13	-3.7166	5.37096	0.111243	0.97881	0.168434	0.576447
2174.33	-3.68924	5.37796	0.16606	0.971092	0.212069	0.839476
2174.53	-3.58962	5.37796	0.234741	0.956604	0.546046	0.910765
2174.73	-3.44774	5.44532	0.316535	0.932535	0.862471	0.977887
2174.93	-3.29026	5.51655	0.392716	0.902798	0.808504	0.893577
2175.13	-3.11837	5.58923	0.440287	0.880311	0.772992	0.881795
2175.33	-3.02547	5.72698	0.487381	0.854908	0.840487	0.811003
2175.53	-2.92751	5.89499	0.53858	0.823457	0.818087	0.772976
2175.73	-2.88043	6.01198	0.563948	0.806183	0.834755	0.718761
2175.93	-2.83292	6.15855	0.593517	0.78469	0.688372	0.661379
2176.13	-2.76669	6.27781	0.627495	0.757996	0.58699	0.645868
2176.33	-2.75055	6.38181	0.65514	0.734455	0.468769	0.652313
2176.53	-2.74323	6.47705	0.684514	0.707254	0.478283	0.669383
2176.73	-2.71411	6.57166	0.719911	0.671491	0.323829	0.694704
2176.93	-2.72032	6.63374	0.749771	0.638385	0.260684	0.564372
2177.13	-2.68276	6.65827	0.770083	0.614201	0.241431	0.646008
2177.33	-2.68676	6.676	0.778038	0.604631	0.158294	0.275747
2177.53	-2.69679	6.71489	0.794155	0.583664	0.172402	0.345836
2177.73	-2.71123	6.75608	0.797786	0.579189	0	0
2177.93	-2.71685	6.77397	0.809393	0.563603	0.0530246	0.342648
2178.13	-2.73709	6.80868	0.813889	0.557479	0.20966	0.22464
2178.33	-2.74936	6.84167	0.821534	0.546123	0.223355	0.284156
2178.53	-2.76178	6.87222	0.828853	0.535213	0.144886	0.158864
2178.73	-2.76883	6.89715	0.833629	0.528248	0	0
2178.93	-2.76949	6.91531	0.836245	0.524697	0	0
2179.13	-2.77521	6.92748	0.838781	0.521037	0.200525	0.18061
2179.33	-2.78242	6.94258	0.842604	0.515294	0	0
2179.53	-2.78182	6.93998	0.842602	0.515879	0	0
2179.73	-2.78195	6.94003	0.84307	0.515682	0	0
2179.93	-2.78208	6.94009	0.843533	0.515484	0	0
2180.13	-2.78785	6.94179	0.842583	0.517581	0	0
2180.33	-2.78799	6.94191	0.842987	0.517537	0	0
2180.53	-2.78717	6.94556	0.844296	0.51612	0	0
2180.73	-2.79546	6.96231	0.848482	0.509671	0	0
2180.93	-2.80471	6.9803	0.852371	0.503767	0	0
2181.13	-2.80529	6.98016	0.852267	0.504643	0	0
2181.33	-2.80645	6.97934	0.851539	0.506588	0	0
2181.53	-2.80651	6.97947	0.851876	0.506736	0	0
2181.73	-2.80657	6.97961	0.852207	0.506881	0	0
2181.93	-2.80919	6.97435	0.850882	0.509785	0	0
2182.13	-2.80925	6.97449	0.8512	0.509923	0	0
2182.33	-2.8106	6.9846	0.853011	0.507546	0	0
2182.53	-2.81105	6.98784	0.853789	0.506881	0	0
2182.73	-2.81111	6.98797	0.854089	0.507006	0	0
2182.93	-2.81117	6.98811	0.854383	0.507127	0	0
2183.23	-2.81283	6.98985	0.854774	0.507363	0	0
2183.43	-2.81303	6.98933	0.854772	0.507803	0	0
2183.73	-2.81375	6.98663	0.854218	0.509579	0	0
2183.93	-2.81382	6.98677	0.854481	0.509682	0	0
2184.13	-2.81385	6.98839	0.854727	0.509799	0	0
2184.33	-2.81391	6.98853	0.854978	0.509894	0	0
2184.53	-2.81397	6.98866	0.855222	0.509985	0	0
2184.73	-2.81533	6.99364	0.855857	0.509406	0	0
2184.93	-2.81539	6.99377	0.856089	0.509489	0	0
2185.13	-2.81546	6.99391	0.856314	0.509568	0	0
2185.33	-2.81972	6.99032	0.854949	0.512297	0	0
2185.53	-2.81978	6.99045	0.855161	0.512369	0	0
2185.83	-2.81985	6.99064	0.855404	0.512474	0	0
2186.03	-2.82881	7.00795	0.859566	0.50579	0	0
2186.23	-2.83357	7.01621	0.86093	0.503802	0.201122	0.110811
2186.43	-2.8592	7.06074	0.868823	0.490218	0.273504	0.17782
2186.63	-2.88174	7.09846	0.875725	0.478009	0.198062	0.11729
2186.83	-2.91016	7.14908	0.881393	0.467698	0.143089	0.112761
2187.03	-2.9475	7.20963	0.886954	0.457185	0.367315	0.0921442
2187.33	-3.01294	7.30052	0.892127	0.447046	0.409118	-0.0346065
2187.53	-3.05089	7.34769	0.895132	0.441071	0.279113	0.11435
2187.83	-3.12561	7.44551	0.895288	0.440708	0.44295	-0.114874
2188.03	-3.18302	7.52443	0.893248	0.44475	0.452639	-0.149907
2188.33	-3.25776	7.62655	0.888262	0.454561	0.392693	-0.102948
2188.53	-3.26048	7.63158	0.888052	0.454988	0.33735	-0.124162
2188.83	-3.31853	7.71469	0.883196	0.464438	0.336045	-0.150604
2189.03	-3.36108	7.77403	0.872305	0.484681	0.288039	-0.219236
2189.23	-3.39377	7.82864	0.863965	0.499466	0.364556	-0.338324
2189.43	-3.43029	7.895	0.85053	0.522008	0.391987	-0.533056
2189.73	-3.55587	8.04046	0.80921	0.584033	0.359749	-0.73114
2189.93	-3.57862	8.11909	0.778924	0.623809	0.417814	-0.788765
2190.13	-3.56552	8.20414	0.747881	0.660734	0.350142	-0.807175
2190.33	-3.57021	8.26816	0.711851	0.699463	0.327316	-0.814638
2190.53	-3.57279	8.3691	0.673411	0.73654	0.326471	-0.833031
2190.73	-3.56366	8.43472	0.627105	0.776321	0.347418	-0.879147
2190.93	-3.54719	8.49477	0.575809	0.815059	0.324295	-0.879067
2191.13	-3.53805	8.52014	0.553539	0.830426	0.18182	-0.439783
2191.33	-3.52272	8.56835	0.51492	0.854899	0.438345	-0.729803
2191.63	-3.43956	8.71591	0.423603	0.903367	0.83492	-0.822437
2191.93	-3.2571	8.88497	0.342861	0.936555	0.799785	-0.717228
2192.13	-3.13503	8.98175	0.294936	0.952446	0.795675	-0.629692
2192.43	-2.99502	9.01719	0.257324	0.962858	0.774138	-0.556511
2192.73	-2.79521	9.12195	0.213012	0.973171	0.760405	-0.535864
2192.93	-2.67055	9.19183	0.183174	0.978923	0.746967	-0.493905
2193.13	-2.52943	9.24153	0.159753	0.982685	0.77864	-0.532732
2193.33	-2.38411	9.28495	0.139968	0.985341	0.76788	-0.427355
2193.53	-2.27253	9.31684	0.129565	0.986503	0.740668	-0.385602
2193.73	-2.12545	9.34842	0.113341	0.988106	0.766273	-0.451396
2194.03	-1.90656	9.39557	0.0803288	0.990667	0.784429	-0.47065
2194.33	-1.66934	9.42085	0.0412374	0.992265	0.815137	-0.498816
2194.53	-1.50949	9.42913	0.0142044	0.992434	0.828201	-0.499049
2194.73	-1.37916	9.41742	-0.00889068	0.991876	0.816855	-0.473967
2194.93	-1.20871	9.40951	-0.0425066	0.990281	0.868028	-0.504733
2195.13	-1.04792	9.39208	-0.0806584	0.987218	0.790613	-0.479132
2195.33	-0.953905	9.36072	-0.111815	0.983595	0.713652	-0.49841
2195.53	-0.810959	9.33548	-0.145719	0.978589	0.784616	-0.136454
2195.73	-0.682635	9.30641	-0.165988	0.974929	0.547305	-0.367618
2195.93	-0.56261	9.26242	-0.215222	0.964822	0.661607	-0.573253
2196.13	-0.472721	9.22948	-0.254687	0.954851	0.667202	-0.636959
2196.33	-0.424189	9.16441	-0.29187	0.943831	0.584771	-0.468352
2196.53	-0.33238	9.10207	-0.32955	0.931098	0.554456	-0.504596
2196.73	-0.2534	9.04651	-0.364137	0.918004	0.334449	-0.367826
2196.93	-0.143025	9.04789	-0.361215	0.919476	0.295242	0.315895
2197.13	-0.0801229	9.00189	-0.33534	0.929288	0.282942	0.203917
2197.33	-0.0458257	8.9737	-0.35029	0.924051	0.273137	-0.424622
2197.53	0.011127	8.90778	-0.376906	0.913693	0.30165	-0.455545
2197.73	0.0467647	8.87129	-0.403943	0.902302	0.246567	-0.362685
2197.93	0.0803427	8.83444	-0.43064	0.89011	0.258362	-0.435888
2198.13	0.108768	8.79663	-0.445346	0.883142	0.230412	-0.400445
2198.33	0.12834	8.7699	-0.463289	0.874239	0.156986	-0.307236
2198.53	0.125288	8.73725	-0.471169	0.870479	0.141423	-0.273581
2198.73	0.133812	8.72422	-0.483599	0.864004	0.124527	-0.24839
2198.93	0.143888	8.70769	-0.498492	0.85599	0.0645347	-0.300062
2199.13	0.154206	8.68878	-0.511704	0.84862	0.119684	-0.220231
2199.33	0.171367	8.67609	-0.5328	0.836062	0.11332	-0.229459
2199.53	0.178148	8.6612	-0.54581	0.828113	0.0319936	-0.322738
2199.73	0.181572	8.65291	-0.561079	0.81837	0.102192	-0.173251
2199.93	0.188817	8.62456	-0.566724	0.814844	0.099982	-0.171963
2200.13	0.193307	8.61142	-0.580452	0.805549	0.163543	-0.226535
2200.33	0.205716	8.59338	-0.598335	0.792823	0.100851	-0.125101
2200.63	0.211762	8.5711	-0.612082	0.782829	0.120465	-0.0984988
2200.83	0.214651	8.55897	-0.614041	0.781581	0	0
2201.03	0.215179	8.55588	-0.614029	0.781889	0	0
2201.33	0.216455	8.55024	-0.615564	0.781085	0.116441	-0.110884
2201.53	0.21865	8.52242	-0.618931	0.778743	0.113478	-0.104362
2201.83	0.223411	8.50004	-0.622544	0.776337	0.101352	-0.0844776
2202.03	0.227729	8.46272	-0.624984	0.774683	0.111689	-0.0932219
2202.23	0.230247	8.45034	-0.626727	0.773572	0.137617	-0.0790619
2202.43	0.234407	8.42919	-0.630112	0.771107	0.110183	-0.0887083
2202.63	0.239317	8.39902	-0.632667	0.769295	0	0
2202.83	0.243621	8.37558	-0.635415	0.767276	0.111221	-0.0817124
2203.03	0.246088	8.36159	-0.637437	0.765866	0	0
2203.33	0.252382	8.30987	-0.640524	0.763599	0.116749	-0.0827385
2203.53	0.255247	8.29269	-0.6421	0.762501	0.179957	-0.0790712
2203.73	0.259455	8.267	-0.644368	0.760732	0.136197	-0.0852723
2203.93	0.26326	8.24623	-0.644992	0.760454	0	0
2204.23	0.269225	8.20625	-0.648338	0.757888	0.147568	-0.0715445
2204.53	0.262578	8.17376	-0.650698	0.75617	0.179962	-0.0474082
2204.73	0.26795	8.13564	-0.65368	0.753726	0.233498	-0.110514
2204.93	0.278874	8.10719	-0.654328	0.753369	0.105868	-0.0474175
2205.13	0.282743	8.0777	-0.656334	0.751783	0.224784	-0.0228811
2205.33	0.288731	8.02941	-0.65791	0.750484	0.250889	-0.0402975
2205.53	0.307982	7.98083	-0.670328	0.739493	0.23418	-0.030901
2205.83	0.311931	7.93632	-0.672804	0.737444	0.248231	-0.012131
2206.03	0.315392	7.88063	-0.673552	0.736831	0.253238	-0.0203755
2206.23	0.31749	7.85651	-0.673888	0.736614	0	0
2206.53	0.321486	7.80753	-0.676593	0.734309	0.251899	-0.0246973
2206.73	0.327204	7.75195	-0.677266	0.73375	0.256967	-0.028615
2207.03	0.332847	7.67169	-0.679119	0.732106	0.284387	-0.0324834
2207.23	0.338728	7.61588	-0.690354	0.721552	0.308994	-0.0169629
2207.43	0.340852	7.55598	-0.691518	0.72046	0.290321	-0.0311114
2207.63	0.342998	7.49262	-0.69212	0.719892	0.31372	-0.0183069
2207.83	0.343386	7.42117	-0.692087	0.719925	0.336752	-0.0166216
2208.03	0.345255	7.34877	-0.692055	0.71994	0.358808	0
2208.23	0.347799	7.28322	-0.692295	0.719713	0.317909	-0.014969
2208.53	0.351046	7.14789	-0.685204	0.726505	0.322678	0
2208.73	0.354043	7.09562	-0.686047	0.725762	0.220004	-0.0246484
2209.03	0.344979	7.04067	-0.684513	0.727311	0.16385	0
2209.33	0.350159	6.95478	-0.685111	0.726793	0.299432	-0.0161541
2209.53	0.353257	6.90068	-0.686422	0.725598	0.238891	-0.0317986
2209.73	0.355636	6.85504	-0.688232	0.723952	0.201332	-0.0375534
2209.93	0.35629	6.84078	-0.696006	0.716632	0	0
2210.13	0.355947	6.79274	-0.709807	0.703018	0.390391	-0.488958
2210.33	0.351575	6.68906	-0.735674	0.675762	0.539597	-0.545664
2210.63	0.335246	6.53965	-0.776241	0.62853	0.504217	-0.571962
2210.83	0.320816	6.44897	-0.803037	0.593808	0.458522	-0.498256
2211.13	0.283665	6.33148	-0.838046	0.543194	0.401669	-0.468037
2211.33	0.25842	6.28276	-0.849512	0.525077	0.35939	-0.412551
2211.53	0.230148	6.2197	0.868619	-0.492846	0.366247	-0.445719
2211.73	0.199267	6.15916	0.886935	-0.4591	0.324258	-0.360482
2211.93	0.16459	6.10747	0.902662	-0.427422	0.312012	-0.358491
2212.13	0.129754	6.06407	0.913894	-0.402958	0.278548	-0.338188
2212.33	0.0849552	6.02942	0.922912	-0.382004	0.247485	-0.334532
2212.53	0.0442356	5.99966	0.930317	-0.363787	0.219036	-0.295132
2212.73	0.0161413	5.97328	0.937522	-0.345017	0.171638	-0.254578
2212.93	-0.0308363	5.95517	0.943662	-0.328094	0.178776	-0.249127
2213.13	-0.0607567	5.93834	0.946413	-0.320345	0.145772	-0.118366
2213.33	-0.0824784	5.92185	0.948601	-0.314084	0.140639	-0.113616
2213.53	-0.103039	5.90687	0.95062	-0.308197	0.122359	-0.109077
2213.73	-0.123068	5.87832	0.955204	-0.29397	0.113387	-0.156849
2214.03	-0.0982052	5.8639	0.959634	-0.279521	0.128067	-0.179724
2214.23	-0.117335	5.85204	0.963277	-0.266959	0.113645	-0.188863
2214.43	-0.135574	5.84131	0.967029	-0.253288	0.111761	-0.225435
2214.73	-0.15438	5.82231	0.974292	-0.224133	0.0995473	-0.34636
2214.93	-0.169225	5.81454	0.979419	-0.200817	0.088772	-0.344485
2215.13	-0.21432	5.8125	0.982963	-0.182952	0.0791686	-0.309713
