time	x	y	orientation_x	orientation_y	orientation_z	orientation_w	linear_vel	angular_vel	controller_flag
85.219	-0.0158253	-0.871454	0.00322122	-0.00219938	0.768081	0.640341	0.740854	1.67723	1
85.419	-0.0472816	-0.782701	0.0048271	-0.00318208	0.819382	0.573218	0.527495	1.50319	1
85.619	-0.140215	-0.679622	0.006772	-0.00385378	0.871986	0.489469	0.556776	1.19093	1
85.819	-0.237066	-0.565337	0.00893081	-0.0041961	0.907493	0.419951	0.631228	0.922446	1
86.019	-0.333204	-0.465089	0.0115665	-0.00436651	0.93564	0.352739	0.677391	0.917279	1
86.219	-0.422276	-0.385059	0.0145517	-0.00442526	0.955545	0.294452	0.70529	0.645209	1
86.419	-0.557972	-0.314234	0.0179316	-0.00480626	0.964434	0.263671	0.740168	0.497024	1
86.619	-0.693141	-0.241419	0.0214478	-0.00479289	0.974022	0.225383	0.753133	0.719263	1
86.82	-0.831199	-0.181091	0.0249766	-0.00469881	0.980875	0.192971	0.715458	0.538431	1
87.019	-0.979543	-0.138852	0.0287058	-0.00480138	0.98433	0.173919	0.754818	0.430193	1
87.219	-1.1299	-0.0882326	0.0326804	-0.00516874	0.985834	0.164426	0.763344	0.32975	1
87.419	-1.27863	-0.0405349	0.0365107	-0.00606806	0.985706	0.164357	0.344422	-0.413834	2
87.619	-1.33155	-0.0105435	0.0364994	-0.00729617	0.97992	0.195885	0.429099	-0.46621	2
87.819	-1.40609	0.0218298	0.0367363	-0.00875479	0.971868	0.232478	0.406337	-0.285697	2
88.019	-1.45687	0.047504	0.0366379	-0.00951441	0.967086	0.251619	0.355793	-0.166915	2
88.219	-1.51297	0.0800087	0.0361989	-0.0100774	0.962572	0.268409	0.301399	-0.0383139	2
88.42	-1.56276	0.109746	0.0353836	-0.0100779	0.960955	0.274248	0.25475	0.13756	2
88.619	-1.60497	0.135298	0.0342871	-0.00945759	0.963144	0.266626	0.219263	0.266243	2
88.819	-1.66241	0.156113	0.0328546	-0.0088703	0.964429	0.262142	0.179536	0.337136	2
89.019	-1.69471	0.174269	0.0313102	-0.00765293	0.970345	0.239566	0.195579	0.356241	2
89.219	-1.69273	0.201385	0.0299755	-0.0064042	0.976847	0.21173	0.210836	0.32812	2
89.419	-1.73259	0.218304	0.0286708	-0.00551489	0.98089	0.192358	0.22268	0.311084	2
89.619	-1.77431	0.234047	0.027421	-0.00475211	0.984205	0.174831	0.22207	0.307355	2
89.819	-1.82239	0.21498	0.0261984	-0.0038978	0.988029	0.151977	0.151449	0.576786	2
90.019	-1.85195	0.223465	0.0243	-0.00252675	0.993686	0.109502	0.170263	0.620054	2
90.22	-1.88893	0.230141	0.0227291	-0.0013691	0.99741	0.068232	0.230951	0.474497	2
90.419	-1.9169	0.238684	0.0215735	-0.000550724	0.999172	0.0344793	0.212614	0.46004	2
90.619	-1.94793	0.239919	0.0206159	-7.79474e-05	0.999708	0.0125806	0.190657	0.46684	2
90.819	-1.98704	0.239489	0.0192	0.000490973	0.999678	-0.0165798	0	1	3
91.019	-2.01235	0.247172	0.0167992	0.00135637	0.997356	-0.0706953	0.189509	0.325671	2
91.219	-2.03672	0.244989	0.0144294	0.00198877	0.993124	-0.116157	0.210251	0.38873	2
91.419	-2.07918	0.235248	0.0132164	0.00199469	0.989397	-0.144621	0.217671	0.20742	2
91.619	-2.17259	0.228479	0.0119761	0.00192446	0.987152	-0.159326	0.218716	0.130064	2
91.819	-2.21434	0.215166	0.0107475	0.00165143	0.986555	-0.163065	0.226627	-0.212906	2
92.02	-2.22414	0.150421	0.00951523	0.00141723	0.986361	-0.164316	0.22586	-0.174791	2
92.219	-2.26604	0.137122	0.00830942	0.00111225	0.987688	-0.156214	0.227305	-0.252082	2
92.419	-2.30824	0.124651	0.0071297	0.000801202	0.989549	-0.144019	0.227405	-0.2522	2
92.619	-2.34902	0.111252	0.00597289	0.000518006	0.991272	-0.131698	0.225991	-0.180386	2
92.819	-2.39177	0.100842	0.00480688	0.00033734	0.992179	-0.124726	0.226188	-0.190164	2
93.019	-2.42398	0.0934618	0.00390979	0.000192838	0.993044	-0.117679	0.227261	-0.221352	2
93.219	-2.46388	0.0827703	0.00278622	5.33978e-05	0.994101	-0.108426	0.233132	-0.48813	2
93.419	-2.50736	0.0747329	0.0017618	-0.000125434	0.996693	-0.0812432	0.22925	-0.466232	2
93.619	-2.55057	0.0694148	0.00074937	-0.000205354	0.998608	-0.0527474	0.219624	-0.385603	2
93.819	-2.58241	0.0458273	0.000409095	-1.21739e-05	0.999571	-0.029283	0.218417	-0.369806	2
94.019	-2.62403	0.0446912	0.000314469	-9.13313e-06	0.999988	-0.00498711	0.216678	-0.341321	2
94.219	-2.67452	0.0579584	0.000342356	2.70923e-05	0.999843	0.0176958	0.215166	-0.304834	2
94.419	-2.76348	0.127004	0.000263524	-1.41098e-05	0.998937	0.0460947	0.214231	-0.26086	2
94.619	-2.80428	0.131157	0.000294842	-3.24806e-05	0.997972	0.0636522	0.214102	-0.245777	2
94.819	-2.84645	0.13861	0.000305675	4.52615e-05	0.996709	0.0810569	0.214192	-0.203557	2
95.019	-2.88696	0.145057	0.000340021	2.36435e-05	0.995343	0.0963988	0.214718	-0.168657	2
95.219	-2.92746	0.152503	0.000334583	-5.41256e-05	0.993933	0.109984	0.215021	-0.155145	2
95.419	-2.91091	0.159477	0.000307863	1.77557e-05	0.995094	0.0989328	0.217564	0.322518	2
95.619	-2.94409	0.164874	0.000310869	-1.99863e-05	0.996188	0.0872302	0.376192	-0.305238	2
95.819	-3.01353	0.177606	0.00103334	-0.000352415	0.993675	0.112293	0.442677	-0.752383	2
96.019	-3.1412	0.210951	0.00236154	-0.000545241	0.985343	0.170568	0.469273	-0.639625	2
96.219	-3.2326	0.245867	0.00371672	-0.000867147	0.974489	0.224404	0.493528	-0.610499	2
96.419	-3.30352	0.301703	0.00496277	-0.00142622	0.961523	0.274675	0.517745	-0.492334	2
96.619	-3.38741	0.357023	0.00627109	-0.00219543	0.947666	0.319194	0.53586	-0.603618	2
96.82	-3.45501	0.434411	0.00759092	-0.00308334	0.931792	0.362899	0.538853	-0.623691	2
97.019	-3.52927	0.507942	0.00881934	-0.00416147	0.912753	0.408395	0.547334	-0.580509	2
97.219	-3.59635	0.58871	0.0100265	-0.00532269	0.892745	0.450419	0	-1	3
97.42	-3.52197	0.53738	0.00671645	-0.00471595	0.86008	0.510094	0	-1	3
97.62	-3.52681	0.545759	0.00454942	-0.00346723	0.826562	0.562817	0.111539	-0.684104	2
97.819	-3.55933	0.504392	0.00280356	-0.00239836	0.791881	0.610664	0.134071	-0.636971	2
98.019	-3.56534	0.531364	0.00131362	-0.00137623	0.765297	0.643674	0.197533	-0.514383	2
98.22	-3.56344	0.58267	0.000626706	-0.000847584	0.752949	0.658078	0.215873	-0.551899	2
98.419	-3.56725	0.624675	0.000265229	-0.00033995	0.730671	0.682729	0.220122	-0.468155	2
98.619	-3.56871	0.665225	0.000193876	-0.000188349	0.709061	0.705147	0.194947	-0.430465	2
98.819	-3.56793	0.687237	0.000175022	-0.000247004	0.688596	0.725145	0.199745	-0.364694	2
99.02	-3.56545	0.725006	0.000194519	-0.000145786	0.670895	0.741553	0.198562	-0.257299	2
99.219	-3.56129	0.76222	0.000228763	-0.000154239	0.654125	0.756386	0	-1	3
99.419	-3.5586	0.764448	-0.000227074	0.00036264	0.655155	0.755495	0	-1	3
99.619	-3.55838	0.764953	-0.000211709	0.000349867	0.655686	0.755034	0	-1	3
99.819	-3.55726	0.823163	0.000163406	-9.0625e-05	0.622345	0.782743	0	1	3
100.02	-3.55553	0.828072	-0.000183021	0.000267018	0.683649	0.729811	0.193462	-0.429174	2
100.219	-3.55303	0.862338	0.00022951	-0.000203956	0.658533	0.752552	0	-1	3
100.419	-3.55191	0.824411	2.75168e-05	2.03595e-05	0.666203	0.745771	0	1	3
100.62	-3.55042	0.847124	0.000206341	-0.000151815	0.677675	0.735361	0.193104	-0.438646	2
100.819	-3.54691	0.852916	0.000125696	-2.47935e-05	0.691682	0.722202	0.192366	-0.471537	2
101.019	-3.5448	0.881945	0.000119632	-0.000143414	0.676884	0.73609	0.194376	-0.383481	2
101.219	-3.54348	0.90229	0.000105733	-0.000252267	0.638692	0.769462	0	1	3
101.419	-3.54321	0.919192	0.00011356	-0.0002386	0.638783	0.769387	0	1	3
101.62	-3.54165	0.922563	-0.000173041	0.000185628	0.69253	0.721389	0.193625	-0.454777	2
101.819	-3.54388	0.963771	0.000176646	-0.000112663	0.669708	0.742624	0	-1	3
102.019	-3.54131	0.981643	0.000178929	-0.000132912	0.632493	0.774566	0	1	3
102.219	-3.53961	0.986814	-6.32612e-05	5.16752e-05	0.692656	0.721268	0.19449	-0.439447	2
102.419	-3.62282	1.07411	0.000233412	-0.000183625	0.653853	0.756621	0	-1	3
102.619	-3.62244	1.07482	1.35643e-05	7.83127e-05	0.655276	0.755389	0	-1	3
102.819	-3.60894	1.07673	-3.80487e-05	7.48368e-05	0.664337	0.747433	0	1	3
103.019	-3.60693	1.1006	0.000174406	-0.000199506	0.680852	0.732421	0.191667	-0.46779	2
103.219	-3.60524	1.11656	0.000120472	-4.81024e-05	0.691986	0.721911	0	-1	3
103.419	-3.54665	1.07465	0.00019849	-0.000127098	0.674483	0.738291	0.196648	-0.347139	2
103.619	-3.52557	1.08102	5.55707e-05	2.33803e-05	0.688948	0.724811	0.195084	-0.428679	2
103.819	-3.52388	1.11382	0.000115787	-0.00017856	0.676383	0.73655	0	1	3
104.019	-3.52641	1.14289	0.000189759	-0.000124234	0.697378	0.716703	0.194502	-0.445628	2
104.219	-3.52613	1.16265	3.83207e-05	-0.000199322	0.658547	0.752539	0	1	3
104.419	-3.52595	1.16337	0.000220691	-0.000250673	0.65376	0.756702	0.197467	-0.198806	2
104.619	-3.57494	1.15811	9.87796e-05	-0.000126678	0.672967	0.739673	0.194939	-0.277856	2
104.819	-3.57145	1.19457	0.000222354	-0.000140163	0.659097	0.752058	0.196997	-0.202762	2
105.019	-3.57027	1.20419	-2.9201e-05	0.000131005	0.67979	0.733406	0.195918	-0.328462	2
105.219	-3.5724	1.2014	0.000147417	-0.000121756	0.644375	0.764709	0	1	3
105.419	-3.57102	1.20441	-0.000217043	0.000293581	0.699423	0.714708	0	-1	3
105.619	-3.57985	1.19318	4.75572e-05	2.72642e-05	0.69782	0.716273	0.194979	-0.430462	2
105.819	-3.57976	1.20779	0.00023246	-0.000239618	0.668859	0.743389	0.193527	-0.450699	2
106.019	-3.57712	1.22523	-4.96348e-06	7.12174e-05	0.67654	0.736406	0	-1	3
106.219	-3.57957	1.24058	2.02703e-05	6.06007e-05	0.677195	0.735804	0	-1	3
106.419	-3.5793	1.24147	-5.90477e-05	0.000158308	0.683145	0.730283	0	-1	3
106.619	-3.57482	1.24688	0.000196109	-0.000175705	0.65184	0.758356	0	1	3
106.819	-3.57241	1.26902	0.00017722	-0.000112325	0.670885	0.741562	0.195133	-0.307147	2
107.019	-3.57211	1.30132	0.000201118	-0.0001356	0.652414	0.757863	0	1	3
107.219	-3.57169	1.30297	0.000214147	-0.000262587	0.654157	0.756359	0.195748	-0.260363	2
107.419	-3.56809	1.32485	0.000115345	-0.000132302	0.674462	0.73831	0.196068	-0.29571	2
107.619	-3.5599	1.31781	0.000185464	-0.000148308	0.667271	0.744815	0.195751	-0.25462	2
107.819	-3.55576	1.35533	0.00019038	-0.00012546	0.656438	0.75438	0.19935	-0.113092	2
108.019	-3.55103	1.39369	0.000113373	-0.00012984	0.650022	0.759915	0.205184	0.0179311	2
108.219	-3.51958	1.51227	0.000213933	-0.000158288	0.630356	0.776306	0.211186	0.108666	2
108.419	-3.51446	1.54239	0.000165751	-0.000159245	0.631076	0.775721	0.206745	0.0386416	2
108.619	-3.50738	1.58213	0.000129243	-0.000173566	0.631583	0.775308	0.207491	0.0393823	2
108.819	-3.54098	1.61156	0.000199748	-0.000138963	0.628476	0.777829	0.20923	0.0901638	2
109.019	-3.53393	1.6515	0.000187268	-0.000133942	0.630492	0.776195	0.206072	0.0980091	2
109.219	-3.52694	1.69031	0.000189598	-0.000146845	0.633888	0.773425	0.210111	0.118195	2
109.419	-3.52279	1.70831	0.000188379	-0.000183841	0.634793	0.772682	0.208325	0.137787	2
109.619	-3.51623	1.74843	0.000129455	-0.000160975	0.639448	0.768834	0.209428	0.167675	2
109.82	-3.52833	1.75365	0.000163078	-0.00013202	0.645154	0.764052	0.207559	0.172403	2
110.019	-3.56533	1.71233	0.000182624	-0.000125842	0.65511	0.755533	0.205286	0.088804	2
110.219	-3.56077	1.75171	0.000137114	-0.000167316	0.656073	0.754698	0.205154	0.0850409	2
110.419	-3.55744	1.78753	0.000207627	-0.000160932	0.657615	0.753354	0.204601	0.0981287	2
110.619	-3.55412	1.8236	0.000163611	-0.000114238	0.658652	0.752447	0.203678	0.0713891	2
110.819	-3.54974	1.86274	0.00018616	-0.000167341	0.659198	0.751969	0.202777	0.0334196	2
111.019	-3.54552	1.88869	0.000193737	-0.000131307	0.660007	0.75126	0.204985	0.104401	2
111.219	-3.5408	1.92686	0.000126182	-0.00011142	0.661732	0.74974	0.203478	0.0553664	2
111.419	-3.53659	1.96626	0.000203974	-0.000158308	0.66369	0.748007	0.202669	0.0375429	2
111.619	-3.53015	1.98002	0.000122138	-0.000132181	0.663443	0.748227	0.204179	0.0948722	2
111.819	-3.52591	2.01836	0.000106731	-0.000117016	0.665556	0.746348	0.20436	0.0911543	2
112.019	-3.52207	2.05783	0.000208708	-0.000155876	0.667754	0.744382	0.203208	0.0409611	2
112.219	-3.5456	2.09809	0.000205222	-0.000153187	0.669288	0.743003	0.200695	-0.0249774	2
112.419	-3.54188	2.13719	0.000196783	-0.000148309	0.669765	0.742573	0.204287	0.0914756	2
112.619	-3.5383	2.1768	0.000116108	-0.00012314	0.672703	0.739913	0.202992	-0.0025168	2
112.819	-3.53383	2.17605	0.000196224	-0.000154365	0.668218	0.743965	0.203339	0.0322717	2
113.019	-3.52996	2.21531	0.000192712	-0.00017271	0.668905	0.743348	0.203062	0.0180537	2
113.219	-3.52616	2.25463	0.000139899	-0.000102462	0.669741	0.742594	0.203625	0.0461093	2
113.42	-3.54425	2.27833	0.000180006	-0.000120686	0.667219	0.744862	0.203637	0.0533306	2
113.619	-3.54125	2.30769	0.000205885	-0.000154354	0.667471	0.744635	0.204153	0.0289309	2
113.819	-3.53723	2.34702	0.000200005	-0.000155689	0.668126	0.744049	0.202065	-0.00538531	2
114.019	-3.52573	2.36839	0.000120426	-0.000147566	0.665287	0.746587	0.203571	0.0545127	2
114.219	-3.52087	2.40621	0.00018994	-0.00014703	0.667293	0.744795	0.203935	0.0434683	2
114.42	-3.51685	2.44564	0.000140418	-0.00010276	0.669161	0.743117	0.201831	-0.031802	2
114.619	-3.53953	2.45891	0.000182501	-0.000168521	0.664884	0.746947	0.202591	-0.0114041	2
114.819	-3.53515	2.49816	0.000194933	-0.000168403	0.66568	0.746238	0.202571	-0.0342189	2
115.019	-3.53069	2.5375	0.000177525	-0.000177333	0.665611	0.746299	0.202946	-0.00243652	2
115.219	-3.52269	2.54858	0.000150757	-0.000163785	0.663234	0.748412	0.203001	-0.00622339	2
115.419	-3.5181	2.58775	0.000118413	-0.000157459	0.663624	0.748066	0.2036	0.037744	2
115.619	-3.51348	2.62704	0.000188534	-0.000141724	0.664245	0.747515	0.204695	0.0145938	2
115.82	-3.51406	2.63791	8.23046e-05	-0.000138021	0.661449	0.74999	0.201781	-0.0224327	2
116.019	-3.51039	2.66709	0.00019524	-0.000140066	0.661151	0.750253	0.204312	0.0225331	2
116.219	-3.50554	2.70641	0.000158401	-0.000151989	0.661383	0.750049	0.205187	0.0509643	2
116.419	-3.48755	2.77704	0.000191891	-0.000150298	0.663585	0.748101	0.202854	0.0175281	2
116.619	-3.48292	2.81629	0.000114965	-0.000124074	0.664118	0.747628	0.204084	0.00634854	2
116.819	-3.4783	2.85554	0.00018735	-0.000153908	0.664345	0.747426	0.20426	0.00421459	2
117.019	-3.5	2.89643	0.000172072	-0.000120474	0.669286	0.743005	0.205361	0.019572	2
117.219	-3.49592	2.93583	0.000162371	-0.000145721	0.669644	0.742682	0.203572	0.0357485	2
117.419	-3.49194	2.97528	0.000192762	-0.000161913	0.671368	0.741124	0.204383	-0.0173731	2
117.619	-3.46793	2.97898	0.000146206	-0.000124805	0.664833	0.746992	0.203058	0.0036576	2
117.819	-3.46318	3.01806	9.55554e-05	-0.000146897	0.664778	0.747041	0.20346	0.0389631	2
118.019	-3.45857	3.05738	0.000172186	-0.000147067	0.665317	0.746561	0.202821	0.0139693	2
118.219	-3.50365	3.09939	0.000185259	-0.000121094	0.67224	0.740333	0.201286	-0.0586632	2
118.419	-3.49974	3.13857	0.000123725	-8.50507e-05	0.672419	0.740171	0.204059	0.0474051	2
118.619	-3.49691	3.16806	0.000166597	-0.000116566	0.672652	0.739959	0.204131	0.0348805	2
118.819	-3.48981	3.17235	0.00015195	-9.19115e-05	0.671857	0.740681	0.204382	-0.02022	2
119.019	-3.48583	3.21225	0.000141377	-0.000125047	0.668527	0.743688	0.213364	-0.188776	2
119.219	-3.48089	3.2533	0.000172082	-0.000113254	0.660551	0.750782	0.214149	-0.176795	2
119.419	-3.493	3.29928	0.00011756	-0.000163056	0.655552	0.75515	0.216095	-0.132479	2
119.619	-3.48692	3.34085	0.000196429	-0.000157043	0.650453	0.759547	0.22111	0.00709691	2
119.819	-3.48074	3.38321	0.000170118	-0.000125821	0.648694	0.761049	0.219552	-0.0383262	2
120.019	-3.45957	3.45121	0.000190076	-0.000166511	0.649555	0.760315	0.218434	-0.0645309	2
120.22	-3.45579	3.47402	-1.6645e-05	8.64955e-05	0.67967	0.733518	0.215114	-0.154783	2
120.419	-3.45221	3.51527	0.00016873	-0.000130639	0.672273	0.740304	0.21351	-0.179171	2
120.619	-3.46203	3.56499	0.000112348	-0.000145971	0.667306	0.744784	0.217791	-0.0849268	2
120.819	-3.45755	3.60841	0.000121446	-0.000152562	0.676069	0.736838	0.220969	0.400794	2
121.019	-3.45465	3.65237	5.20364e-05	-0.00016461	0.696041	0.718002	0.218159	0.366085	2
121.22	-3.46427	3.67126	-0.000152812	0.000139398	0.72573	0.68798	0.20617	-0.325026	2
121.419	-3.46968	3.70602	0.000109613	-0.000143184	0.732891	0.680346	0.21485	0.293911	2
121.619	-3.4725	3.74843	0.000131466	-8.88083e-05	0.748268	0.663396	0.214174	0.205503	2
121.819	-3.47681	3.79047	0.000149389	-0.000144561	0.762086	0.647476	0.214072	0.22282	2
122.019	-3.43792	3.80877	0.000205528	-0.000252546	0.748212	0.66346	0.214079	0.22074	2
122.22	-3.44174	3.84762	0.000163109	-0.000130166	0.754675	0.656099	0.773182	0.683866	1
122.419	-3.49468	4.00135	0.00336928	-0.00298035	0.792124	0.610343	0.722407	0.666332	1
122.62	-3.53882	4.14491	0.00654216	-0.00490111	0.827398	0.561556	0.71832	0.618119	1
122.819	-3.59996	4.2826	0.00976061	-0.00627611	0.858649	0.512432	0.730473	0.583841	1
123.019	-3.67415	4.40936	0.0131386	-0.00741126	0.882203	0.470628	0.747704	0.515077	1
123.219	-3.76543	4.53604	0.0166396	-0.00821685	0.901647	0.432073	0.75257	0.485051	1
123.419	-3.83349	4.66657	0.0202352	-0.00888229	0.918029	0.395896	0.774074	0.45741	1
123.619	-3.91827	4.75299	0.0229594	-0.00946287	0.925833	0.377117	0.774037	0.326352	1
123.82	-4.03807	4.8651	0.026724	-0.0103693	0.933206	0.358196	0.804886	0.2827	1
124.019	-4.12945	5.00764	0.0305855	-0.0109937	0.941687	0.334917	0.794914	0.247106	1
124.219	-4.2575	5.10846	0.034329	-0.0118246	0.945882	0.322473	0.792714	0.243777	1
124.419	-4.3904	5.20773	0.0382066	-0.0126896	0.949213	0.312049	0.804148	0.229334	1
124.619	-4.51943	5.26961	0.0420067	-0.0140275	0.948543	0.313537	0.835643	0.184198	1
124.819	-4.65761	5.36969	0.0460569	-0.015079	0.950196	0.307861	0.823077	0.192763	1
125.019	-4.79101	5.46378	0.0498109	-0.0159676	0.95191	0.301878	0.784403	0.194926	1
125.219	-4.90865	5.55514	0.0530264	-0.0166933	0.953383	0.296599	0.710789	0.123118	1
125.419	-5.01461	5.62669	0.0552079	-0.0172312	0.954033	0.294067	0.577601	0.147077	1
125.619	-5.10004	5.68342	0.0563501	-0.0172521	0.955577	0.28879	0.468488	0.166086	1
125.819	-5.1481	5.73543	0.0567835	-0.016734	0.958489	0.278916	0.396574	0.234375	1
126.019	-5.20776	5.77192	0.0566287	-0.0158654	0.962132	0.266164	0.323022	0.247706	1
126.219	-5.25517	5.80267	0.0560193	-0.0149613	0.965365	0.254377	0.262664	0.256229	1
126.419	-5.30397	5.83066	0.0550119	-0.0136466	0.969733	0.2375	0.210999	0.30786	1
126.619	-5.33863	5.84784	0.0535463	-0.0121507	0.974345	0.218257	0.169535	0.32111	1
126.819	-5.36733	5.86066	0.0517496	-0.0105988	0.978804	0.197871	0.136581	0.330578	1
127.019	-5.38222	5.8765	0.0496798	-0.00894346	0.983299	0.174859	0.117426	0.436178	1
127.219	-5.39942	5.88256	0.0474048	-0.00744017	0.987394	0.150835	0	0	1
