time	x	y	orientation_x	orientation_y	orientation_z	orientation_w	linear_vel	angular_vel
274.655	-0.0024985	-5.99648	-0.000422491	0.000446627	0.709071	0.705137	0.0680679	0.260315
274.855	-0.0023807	-5.97717	-0.000261892	0.000343821	0.725672	0.688041	0.145822	0.397013
275.055	-0.00428997	-5.94101	0.000390602	-0.000291092	0.749618	0.66187	0.207218	0.457097
275.255	-0.0604315	-5.87684	0.000475419	-0.000333346	0.767	0.641647	0.297432	0.413541
275.455	-0.0843836	-5.80667	0.000616006	-0.000545662	0.786818	0.617185	0.386114	0.416577
275.655	-0.105546	-5.72655	0.00110188	-0.000967646	0.808469	0.588538	0.446173	0.406709
275.855	-0.186134	-5.62562	0.00205795	-0.0016626	0.82498	0.565155	0.522824	0.383233
276.055	-0.228539	-5.5219	0.00355398	-0.00254559	0.8461	0.533006	0.5989	0.348031
276.255	-0.26961	-5.43842	0.00508882	-0.00324801	0.860714	0.509054	0.664553	0.352113
276.455	-0.357236	-5.32965	0.0074479	-0.00436721	0.874602	0.484765	0.6881	0.368078
276.655	-0.432146	-5.21565	0.00998225	-0.00526668	0.890657	0.454535	0.694077	0.371432
276.855	-0.517092	-5.10418	0.0127016	-0.00609221	0.905152	0.424854	0.688159	0.376291
277.055	-0.584037	-5.02458	0.0152173	-0.00662771	0.918819	0.39433	0.623141	0.347438
277.255	-0.649447	-4.95963	0.0171617	-0.0068633	0.929802	0.367597	0.533639	0.301507
277.455	-0.728074	-4.88875	0.0185125	-0.00691513	0.937698	0.346888	0.531117	0.318106
277.655	-0.8115	-4.82828	0.0197957	-0.00698987	0.943546	0.330577	0.507463	0.317872
277.855	-0.887954	-4.76975	0.0207723	-0.00683378	0.950169	0.310968	0.475051	0.318702
278.055	-0.961097	-4.71846	0.0214495	-0.00657087	0.956095	0.292199	0.41427	0.291464
278.255	-1.0319	-4.67325	0.0213813	-0.00603262	0.962444	0.270571	0.322461	0.23318
278.455	-1.08538	-4.642	0.020869	-0.0055772	0.966042	0.257479	0.315512	0.244227
278.655	-1.14137	-4.61306	0.0202024	-0.00508649	0.969567	0.243937	0.283426	0.231307
278.855	-1.19718	-4.59074	0.0194361	-0.00465596	0.972365	0.232608	0.2532	0.203817
279.055	-1.2435	-4.56961	0.0184406	-0.00418046	0.975132	0.220818	0.256414	0.230887
279.255	-1.2847	-4.55242	0.0172606	-0.00370374	0.977625	0.209615	0.221783	0.221509
279.455	-1.31572	-4.54099	0.0156157	-0.00320832	0.979582	0.20041	0.22315	0.0932204
279.655	-1.35799	-4.52574	0.0143993	-0.0029295	0.979649	0.200177	0.283232	0.0474842
279.855	-1.39802	-4.50617	0.0137431	-0.0028124	0.979144	0.202681	0.334631	0.0756809
280.055	-1.45293	-4.48078	0.0135709	-0.00277826	0.978914	0.203805	0.382082	0.0777401
280.255	-1.52654	-4.45257	0.0138571	-0.00285175	0.978551	0.205519	0.422794	0.0899486
280.455	-1.60826	-4.42187	0.0144258	-0.00299822	0.978107	0.207578	0.440733	0.0872232
280.655	-1.69157	-4.39543	0.0150478	-0.00316233	0.977658	0.209641	0.439666	0.084105
280.855	-1.76989	-4.37481	0.0153726	-0.00330409	0.977111	0.212149	0.374656	0.0468041
281.055	-1.83322	-4.36407	0.0153599	-0.00339093	0.976397	0.215409	0.346323	0.0357643
281.255	-1.90089	-4.35282	0.0151629	-0.00343165	0.97604	0.217034	0.320116	0.00868253
281.455	-1.94875	-4.34645	0.0149339	-0.00338825	0.97582	0.218037	0.30275	-0.00424124
281.655	-1.98332	-4.40993	0.0145266	-0.0032158	0.97736	0.211058	0.294468	-0.00915452
281.856	-2.04394	-4.40471	0.0140306	-0.00314505	0.9771	0.212296	0.279928	-0.0206384
282.055	-2.10268	-4.40022	0.0134677	-0.0030368	0.976902	0.21324	0.269459	-0.016375
282.255	-2.16533	-4.40608	0.0127365	-0.00292149	0.97732	0.211363	0.231949	-0.0475238
282.455	-2.22309	-4.41092	0.0118995	-0.00271955	0.977595	0.210139	0.251945	-0.0282142
282.655	-2.27192	-4.40908	0.0109457	-0.00253674	0.977384	0.211171	0.219213	-0.0497257
282.855	-2.31494	-4.40887	0.00983496	-0.00229489	0.977516	0.210619	0.200002	-0.0504456
283.055	-2.35761	-4.40762	0.00864606	-0.00203256	0.977378	0.211315	0.192879	-0.0497818
283.255	-2.399	-4.40588	0.00739154	-0.0017458	0.977162	0.212358	0.179688	-0.0498986
283.455	-2.43164	-4.41242	0.00600994	-0.00138112	0.977446	0.211093	0.166459	-0.0483185
283.655	-2.46692	-4.4112	0.00447176	-0.00106003	0.977158	0.212465	0.156331	-0.0537367
283.855	-2.49954	-4.40991	0.00282646	-0.000686994	0.976831	0.213991	0.15094	-0.0419583
284.055	-2.50556	-4.3966	0.00150116	-0.00039405	0.976506	0.215486	0.138903	-0.0441976
284.255	-2.53481	-4.3948	0.000310509	-2.83603e-05	0.976193	0.216905	0.132338	-0.0377977
284.455	-2.56054	-4.39124	0.000258974	-7.39347e-06	0.976133	0.217174	0.122422	-0.0136308
284.655	-2.61005	-4.40672	7.03891e-05	6.91949e-05	0.976696	0.214628	0.118006	0
284.855	-2.62985	-4.40251	-0.000481638	0.000124022	0.976861	0.213875	0.100392	0
285.055	-2.64832	-4.39853	-0.000481387	0.000104892	0.977037	0.21307	0.0979002	0
285.255	-2.6668	-4.38831	-0.000510565	0.000161549	0.977052	0.212998	0.0998198	-0.0563969
285.455	-2.68517	-4.38415	-0.000517668	0.000156472	0.977263	0.212028	0.101155	0.015517
285.655	-2.70367	-4.37991	-0.000531705	0.000168344	0.977692	0.210043	0.105184	0.0294132
285.855	-2.6945	-4.37223	-0.000496709	0.00016324	0.977679	0.210103	0.0982882	-0.0915002
286.055	-2.7123	-4.36756	-0.00051777	0.000132932	0.976086	0.217385	0.105049	-0.0747501
286.255	-2.72975	-4.36136	-0.000584686	0.000191293	0.975305	0.220861	0.100568	-0.0536411
286.455	-2.73834	-4.39853	-0.000513732	0.000173205	0.973564	0.228416	0.111882	-0.101306
286.655	-2.75716	-4.3936	-0.000524046	0.000152957	0.971512	0.236991	0.11005	-0.0978066
286.856	-2.77527	-4.38904	-0.000488288	0.000171365	0.969431	0.245365	0.0930661	-0.106874
287.055	-2.79733	-4.38039	-0.000481721	0.000109348	0.966669	0.256031	0.102173	-0.0987275
287.255	-2.81508	-4.3756	-0.000474703	0.000125217	0.964572	0.263821	0.0849777	-0.103886
287.456	-2.83122	-4.37114	-0.000483301	0.000182331	0.962363	0.271767	0.0832473	-0.134806
287.655	-2.83494	-4.3664	-0.000493456	0.000166441	0.960841	0.277101	0.0740745	-0.115728
287.855	-2.84737	-4.3623	-0.000460754	8.46765e-05	0.958303	0.285752	0.0712829	-0.107196
288.055	-2.85417	-4.35991	-0.00035508	0.00012993	0.956753	0.290902	0	0
288.255	-2.86233	-4.3246	-0.000532306	0.000195595	0.957989	0.286804	0.0212721	0.104101
288.455	-2.86477	-4.32226	-0.00053132	0.000160244	0.960264	0.279092	0.0241253	0.10398
288.655	-2.87065	-4.32168	-0.000439279	8.54889e-05	0.962459	0.271428	0.0215096	0.113701
288.855	-2.90835	-4.34254	-0.000428014	8.94784e-05	0.965118	0.261816	0.0178194	0.112395
289.055	-2.91008	-4.34106	-0.000449098	8.80329e-05	0.966804	0.25552	0.0171369	0.105611
289.255	-2.91218	-4.33913	-0.00047742	0.000141422	0.968964	0.247202	0.0197772	0.108215
289.455	-2.90729	-4.34541	-0.000517554	0.000136847	0.971234	0.238125	0.0166673	0.113234
289.655	-2.90933	-4.34382	-0.000475643	8.52459e-05	0.973166	0.230104	0.0397915	0.101605
289.855	-2.91326	-4.3413	-0.000444434	0.000108541	0.974956	0.222398	0.010695	0.104517
290.055	-2.91316	-4.31842	-0.000525291	0.000128666	0.975757	0.218857	0.033258	0.114365
290.255	-2.91488	-4.31711	-0.000467356	0.000122864	0.977478	0.211037	0.0100149	0.102362
290.455	-2.91651	-4.31577	-0.000524267	0.000129052	0.979145	0.203163	0.0328951	0.105868
290.655	-2.92097	-4.32541	-0.000449892	0.000123498	0.981046	0.193775	0.00824916	0.1117
290.855	-2.92194	-4.3247	-0.000428551	8.39837e-05	0.982605	0.185708	0.00721812	0.104891
291.055	-2.92293	-4.32401	-0.000400273	3.05214e-05	0.9841	0.177617	0.00719694	0.104789
291.255	-2.91904	-4.31047	-0.000462339	0.000109344	0.985827	0.167766	0.00646915	0.100034
291.455	-2.92201	-4.30874	-0.000492606	6.31862e-05	0.987144	0.159833	0.0289982	0.101399
291.655	-2.92236	-4.30846	-0.000375766	3.13295e-05	0.988165	0.153392	0.00222658	0.109781
291.855	-2.92932	-4.28531	-0.000330495	-2.44031e-05	0.988533	0.151005	0.0265621	0.113068
292.055	-2.93149	-4.28445	-0.000433425	7.09812e-05	0.989724	0.142989	0.0241507	0.103891
292.255	-2.93378	-4.2834	-0.000468557	4.8806e-05	0.990829	0.135124	0	0.115052
292.455	-2.9347	-4.28543	-0.000295865	8.3888e-05	0.991587	0.129443	0	0.102582
292.655	-2.93476	-4.28514	-0.000196276	8.53492e-05	0.992695	0.120653	0	0.111137
292.855	-2.93503	-4.28468	-0.000250461	6.52788e-05	0.993921	0.110093	0	0.124465
293.055	-2.9383	-4.27688	-0.000442601	2.77849e-05	0.994837	0.101487	0.0215088	0.102418
293.255	-2.9406	-4.27562	-0.000498017	5.1056e-05	0.995706	0.0925666	0.0209782	0.113741
293.455	-2.94353	-4.27462	-0.000469186	2.88251e-05	0.996447	0.0842215	0.0201664	0.106626
293.655	-2.93254	-4.25736	-0.000559021	4.08092e-06	0.997517	0.070421	0.0187075	0.11508
293.855	-2.93514	-4.25651	-0.000456506	5.12568e-06	0.998071	0.0620856	0.0166468	0.108173
294.055	-2.93946	-4.27208	-0.00046553	2.57695e-05	0.998579	0.0532853	0.0165297	0.106144
294.255	-2.94128	-4.27159	-0.000435887	2.21622e-05	0.998876	0.0474036	0.0163938	0.11286
294.455	-2.94358	-4.27098	-0.000435424	2.76704e-05	0.999219	0.039516	0.0136374	0.115646
294.656	-2.95585	-4.27866	-0.00039433	4.39358e-05	0.999572	0.0292597	0.0129365	0.100011
294.855	-2.95772	-4.27816	-0.000387169	2.37818e-05	0.999774	0.0212782	0.0128971	0.103559
295.055	-2.95957	-4.27766	-0.000391441	3.15504e-05	0.999909	0.0134713	0.0129047	0.104293
295.255	-2.96034	-4.27649	-0.000361083	-4.90234e-05	0.99998	0.00625018	0.0101777	0.103447
295.455	-2.9614	-4.27585	-0.0003847	-3.04026e-05	0.999999	-0.00140993	0.0101284	0.102147
295.655	-2.96276	-4.2754	-0.000385012	-4.46421e-05	0.999957	-0.00930378	0.0098108	0.112556
295.855	-2.96768	-4.24267	-0.000365353	2.1467e-05	0.999956	-0.00932925	0.0105814	0.101381
296.055	-2.97278	-4.23868	-0.000530287	-7.06127e-05	0.999868	-0.016227	0.0148283	0.102764
296.255	-2.98085	-4.23847	-0.00051177	-9.33604e-05	0.999706	-0.0242375	0.0626235	0.114398
296.455	-2.98279	-4.24472	-0.000513535	-0.000111931	0.99942	-0.0340527	0.0412324	0.100539
296.655	-2.98981	-4.24479	-0.000491828	-0.000113447	0.999198	-0.0400291	0.064052	0.104359
296.855	-3.00093	-4.245	-0.000484769	-8.49964e-05	0.998851	-0.0479148	0.0640047	0.112626
297.055	-2.99305	-4.24439	-0.000551149	-0.000108409	0.998317	-0.0579861	0.0599748	0.102849
297.255	-3.00408	-4.24513	-0.000560353	-0.000117876	0.997812	-0.0661107	0.0641127	0.109188
297.455	-3.01495	-4.24602	-0.000585438	-0.000142362	0.997258	-0.0740006	0.0592854	0.100343
297.655	-3.03153	-4.258	-0.000292889	-5.11225e-05	0.996889	-0.0788201	0.0546323	-0.103751
297.855	-3.039	-4.25924	-0.000105867	5.40969e-05	0.998195	-0.060053	0.0528931	-0.369055
298.055	-3.053	-4.26104	-0.00011406	2.87262e-05	0.999585	-0.0288032	0.111266	-0.443781
298.255	-3.09077	-4.26872	0.000242079	-2.28436e-05	0.999964	0.00853479	0.163783	-0.492979
298.455	-3.12451	-4.26825	0.000300901	-3.98005e-05	0.999018	0.0442996	0.212781	-0.498119
298.655	-3.16593	-4.26392	0.000367514	1.54276e-05	0.996986	0.0775746	0.229231	-0.476905
298.855	-3.19195	-4.25938	0.000335578	-1.00717e-05	0.994487	0.104857	0.235942	-0.483492
299.055	-3.24248	-4.24737	0.000463027	-8.09158e-05	0.990039	0.140789	0.299491	-0.506987
299.255	-3.28855	-4.23859	0.000506605	-6.3364e-05	0.985238	0.171188	0.345554	-0.510122
299.455	-3.36119	-4.22944	0.000670306	-0.00010101	0.976495	0.21554	0.364969	-0.494657
299.655	-3.4256	-4.19813	0.000898511	-0.000187553	0.966264	0.257553	0.382863	-0.477675
299.855	-3.4968	-4.1495	0.0011739	-0.000335848	0.954295	0.298862	0.394368	-0.450816
300.055	-3.56809	-4.09223	0.00153346	-0.000536203	0.941594	0.336746	0.418008	-0.448539
300.255	-3.63021	-4.03889	0.00201164	-0.000833533	0.928845	0.370463	0.438184	-0.420888
300.455	-3.6764	-3.99966	0.00265757	-0.00120217	0.918798	0.394717	0.464366	-0.416837
300.655	-3.73881	-3.9316	0.00354489	-0.0017374	0.906302	0.422613	0.478787	-0.397513
300.855	-3.79712	-3.85886	0.00437774	-0.00233332	0.89403	0.44798	0.457374	-0.388886
301.055	-3.85061	-3.76772	0.00510206	-0.00289559	0.881192	0.472721	0.430427	-0.370196
301.255	-3.89024	-3.7048	0.00518825	-0.00310814	0.869541	0.493823	0.394921	-0.336357
301.455	-3.92207	-3.64851	0.00489139	-0.00309803	0.857897	0.513789	0.348401	-0.344246
301.655	-3.90388	-3.59312	0.00505706	-0.00333818	0.848921	0.528485	0.410224	-0.327259
301.855	-3.90911	-3.58217	0.00357234	-0.00232638	0.844859	0.534972	0.11521	-0.257889
302.055	-3.9165	-3.5629	0.00185908	-0.0013061	0.837434	0.546534	0.175371	-0.297978
302.255	-3.92337	-3.53874	0.000648486	-0.000553667	0.830732	0.556672	0.231136	-0.277598
302.455	-3.94067	-3.49265	0.000272762	-0.000169421	0.821025	0.570893	0.280361	-0.29512
302.655	-3.95922	-3.44082	0.000300452	-0.000302496	0.809253	0.58746	0.296358	-0.288068
302.855	-3.9758	-3.38206	0.00034557	-0.00044137	0.799463	0.600715	0.349879	-0.24655
303.055	-3.99283	-3.30961	0.000635883	-0.000673408	0.793003	0.609217	0.403619	-0.242857
303.255	-4.00552	-3.23726	0.00123392	-0.00111695	0.790271	0.612756	0.408372	-0.239383
303.455	-4.01723	-3.16	0.00178163	-0.00153618	0.784606	0.61999	0.411196	-0.221114
303.655	-4.02786	-3.07343	0.00263797	-0.00225141	0.777712	0.628612	0.467038	-0.226948
303.856	-4.00305	-3.00427	0.00327353	-0.00271697	0.778008	0.62824	0.41759	-0.212089
304.055	-4.01028	-2.9153	0.00422898	-0.00355197	0.770185	0.637796	0.473895	-0.195713
304.255	-4.01724	-2.81408	0.00559133	-0.00483006	0.761868	0.64769	0.535359	-0.218767
304.455	-4.02849	-2.75666	0.00587401	-0.00513013	0.751396	0.659805	0	0
304.655	-4.02976	-2.7466	0.00398343	-0.00334377	0.752591	0.658468	0.0590463	0.109253
304.855	-4.03249	-2.72503	0.0022894	-0.00203247	0.750469	0.660899	0.137358	-0.16261
305.055	-4.02521	-2.6912	0.00118168	-0.00109432	0.745763	0.66621	0.207836	-0.183215
305.255	-4.02923	-2.64409	0.000576789	-0.000568944	0.738621	0.674121	0.26585	-0.213417
305.456	-4.03283	-2.58655	0.000383153	-0.000402772	0.730464	0.682951	0.324138	-0.220015
305.655	-4.04022	-2.5389	0.000589549	-0.00059245	0.726859	0.686786	0.367025	-0.24123
305.855	-4.0447	-2.46836	0.00118038	-0.00114731	0.718689	0.69533	0.423375	-0.238511
306.055	-4.0463	-2.38076	0.0021734	-0.00206129	0.708374	0.70583	0.471268	-0.200771
306.255	-4.04316	-2.36715	0.00234098	-0.00226477	0.704128	0.710065	0.315701	-0.226799
306.455	-4.04242	-2.32426	0.00164034	-0.00163767	0.694507	0.719482	0.266163	-0.244572
306.655	-4.03993	-2.26631	0.00154271	-0.00150465	0.682487	0.730894	0.335023	-0.221259
306.855	-4.03595	-2.2178	0.00180447	-0.00183935	0.673625	0.739069	0.401404	-0.236321
307.055	-4.03401	-2.19463	0.000589384	-0.000368733	0.67041	0.74199	0.0286947	0.103312
307.255	-4.03319	-2.18305	-0.00015983	0.000160435	0.673056	0.739592	0.0787249	0.104999
307.455	-4.03135	-2.16391	2.14852e-05	6.32914e-05	0.666796	0.745241	0.141433	-0.178432
307.655	-4.02874	-2.13277	7.67068e-05	-0.000103681	0.653342	0.757063	0.193893	-0.210434
307.855	-4.02687	-2.11246	-8.382e-05	0.000144527	0.64662	0.762813	0.172196	-0.17936
308.055	-4.04191	-2.06481	0.000134827	-7.63154e-05	0.630736	0.775997	0.196919	-0.192424
308.255	-4.04035	-2.05676	-0.000251706	0.000296677	0.631021	0.775766	0.056394	0.110876
308.455	-4.03826	-2.04736	-0.00037194	0.00034091	0.637436	0.770503	0.0311424	0.103332
308.655	-4.02941	-2.05388	-0.000437025	0.000372225	0.648196	0.761473	0.036407	0.11178
308.855	-4.02795	-2.04654	-0.000409314	0.000354765	0.654089	0.756418	0.0508591	0.100651
309.055	-4.02578	-2.02707	-0.000104601	0.00016584	0.657696	0.753283	0.104084	0.0674105
309.255	-4.01365	-1.93159	-0.000139851	0.000205551	0.633995	0.773337	0.0631835	-0.162734
309.455	-4.01168	-1.9169	3.49461e-06	8.71157e-05	0.624354	0.781142	0.136795	-0.213982
309.655	-4.00625	-1.88835	3.79762e-05	-4.42481e-05	0.608243	0.793751	0.180923	-0.213409
309.855	-4.0096	-1.89029	-6.77681e-05	0.000143223	0.604653	0.796489	0.0431546	-0.13051
310.055	-4.00821	-1.88319	-0.000101039	0.000183299	0.596826	0.802371	0.0310835	-0.113456
310.255	-4.0064	-1.87491	-0.000155784	0.000162747	0.588531	0.808475	0.0388043	-0.141512
310.455	-4.02626	-1.9303	-0.000214293	0.000118336	0.591271	0.806473	0.056482	-0.159143
310.655	-4.0226	-1.914	-0.000102235	0.000187371	0.580449	0.814297	0.128831	-0.157706
310.855	-4.01529	-1.88675	3.63925e-05	-2.54699e-05	0.566699	0.823925	0.184888	-0.146168
311.055	-3.97834	-1.77117	0.000119798	-0.000129632	0.538806	0.84243	0.24327	-0.153145
311.255	-3.95879	-1.72288	0.000261397	-0.000205088	0.523886	0.851788	0.303029	-0.151366
311.455	-3.92976	-1.66566	0.000357877	-0.000263836	0.506635	0.862161	0.36093	-0.202783
311.655	-3.8351	-1.60516	0.000487018	-0.000494495	0.488422	0.872607	0.413861	-0.264668
311.855	-3.7964	-1.52732	0.000757936	-0.00122588	0.462461	0.886638	0.469587	-0.333637
312.055	-3.75102	-1.46446	0.00112089	-0.00205293	0.444672	0.895691	0.501839	-0.289315
312.255	-3.69155	-1.38612	0.00159274	-0.0032532	0.422576	0.90632	0.519159	-0.262813
312.455	-3.62476	-1.30709	0.00209452	-0.00464321	0.402188	0.915543	0.542105	-0.261584
312.655	-3.62442	-1.2265	0.00264129	-0.00626582	0.383034	0.923709	0.568381	-0.282856
312.855	-3.54336	-1.14756	0.00313601	-0.0080818	0.362247	0.932042	0.595576	-0.330934
313.055	-3.45503	-1.06954	0.00361427	-0.0101401	0.341279	0.939901	0.620037	-0.252717
313.255	-3.37428	-0.992347	0.00404309	-0.0123904	0.322427	0.946504	0.644311	-0.31321
313.455	-3.27114	-0.916071	0.00449078	-0.0149279	0.304298	0.952449	0.67432	-0.290103
313.655	-3.23754	-0.892644	0.00408076	-0.0137074	0.294253	0.955621	0.254307	-0.225982
313.855	-3.19534	-0.872505	0.00361038	-0.0127167	0.282632	0.959137	0.277119	-0.206883
314.055	-3.14525	-0.84139	0.00327385	-0.0121855	0.270224	0.962715	0.327016	-0.230638
314.255	-3.02084	-0.798637	0.00305593	-0.0120922	0.257353	0.966237	0.37488	-0.210296
314.455	-2.95245	-0.761177	0.00298122	-0.0124014	0.247902	0.968701	0.420251	-0.209003
314.655	-2.89677	-0.731952	0.00299829	-0.0129023	0.240909	0.970457	0.449185	-0.197136
314.856	-2.83818	-0.69491	0.00305448	-0.0137066	0.23373	0.9722	0.471154	-0.187744
315.055	-2.79248	-0.659238	0.00320277	-0.0147974	0.228712	0.973376	0.511219	-0.197054
315.255	-2.69829	-0.619347	0.00338787	-0.016198	0.222387	0.974818	0.510891	-0.19527
315.455	-2.57222	-0.582497	0.00354197	-0.0174249	0.215432	0.976357	0.458296	-0.176755
315.655	-2.46003	-0.552295	0.00360764	-0.0183796	0.208854	0.977767	0.484136	-0.214151
315.855	-2.37158	-0.526997	0.00367362	-0.019295	0.201636	0.979264	0.445448	-0.200834
316.055	-2.27624	-0.48938	0.00384578	-0.0197567	0.202497	0.979076	0.398138	-0.169402
316.255	-2.20072	-0.474398	0.00378652	-0.0200526	0.194846	0.980621	0.367856	-0.145915
316.455	-2.12695	-0.462429	0.00369436	-0.0202787	0.187664	0.982017	0.360978	-0.142195
316.655	-2.10931	-0.46114	0.00348545	-0.0205025	0.175257	0.984303	0.367585	-0.138721
316.855	-2.03753	-0.453879	0.00341594	-0.020663	0.16887	0.985416	0.340577	-0.0820559
317.055	-1.98431	-0.449067	0.00332024	-0.0207177	0.164325	0.986183	0.349979	-0.0856824
317.256	-2.0166	-0.511707	0.00334374	-0.0210098	0.163663	0.986287	0.36757	-0.109063
317.456	-1.94117	-0.504493	0.0032662	-0.0214025	0.156826	0.987389	0.373675	-0.0876003
317.655	-1.86661	-0.498223	0.00319468	-0.0217666	0.150721	0.988332	0.367038	-0.0843249
317.855	-1.82757	-0.502042	0.00342887	-0.0222312	0.158716	0.987068	0.410428	-0.107289
318.055	-1.746	-0.492678	0.00340113	-0.0229699	0.152216	0.988074	0.397549	-0.0797523
318.255	-1.66075	-0.482975	0.00333573	-0.023912	0.145231	0.989103	0.440377	-0.115522
318.455	-1.55022	-0.478319	0.00337776	-0.0251011	0.1402	0.989799	0.461139	-0.087841
318.655	-1.46018	-0.468659	0.00341866	-0.0262899	0.134992	0.990492	0.443478	-0.0542201
318.855	-1.37176	-0.459685	0.00344273	-0.0274078	0.130906	0.99101	0.448265	-0.0478173
319.056	-1.33796	-0.457717	0.00348398	-0.0285596	0.127675	0.991399	0.450358	-0.0458863
319.256	-1.24578	-0.447989	0.0035171	-0.029877	0.123926	0.991835	0.472747	-0.0441907
319.455	-1.04442	-0.432817	0.00351728	-0.0313067	0.11902	0.992392	0.473687	-0.0557248
319.655	-0.970537	-0.424966	0.00354948	-0.0326217	0.115958	0.992712	0.493949	-0.0483952
319.855	-0.87137	-0.414745	0.00359024	-0.0343026	0.112091	0.993099	0.519457	-0.064336
320.055	-0.815318	-0.40835	0.00367634	-0.036127	0.109057	0.993372	0.499212	-0.0370814
320.255	-0.78867	-0.404514	0.00373738	-0.0379313	0.10664	0.993567	0.515948	-0.0468508
320.456	-0.685218	-0.394312	0.0038674	-0.0397325	0.103483	0.99383	0.533724	-0.0379212
320.655	-0.596549	-0.38724	0.00393176	-0.0417779	0.0998753	0.994115	0.546742	-0.0374373
320.855	-0.499686	-0.379042	0.00401552	-0.0438758	0.0965123	0.994356	0.561767	-0.0380434
321.055	-0.387007	-0.368076	0.00410241	-0.046155	0.0933539	0.994554	0.573177	-0.0397679
321.255	-0.274446	-0.36893	0.00419852	-0.0485875	0.0899803	0.994749	0.581999	-0.0189098
321.455	-0.156484	-0.357657	0.00433575	-0.0511317	0.0877758	0.994818	0.594309	-0.0150837
321.655	-0.0389658	-0.346527	0.0044931	-0.0536503	0.0860924	0.994831	0.590143	-0.0117028
321.855	0.0518916	-0.356645	0.00495378	-0.056202	0.0900097	0.994342	0.604588	-0.0237183
322.055	0.170874	-0.343978	0.00512526	-0.0588044	0.0883965	0.994335	0.593673	-0.00858946
322.255	0.260715	-0.334392	0.00522318	-0.0607015	0.0870801	0.994337	0.597289	-0.00990982
322.455	0.359538	-0.331173	0.0053171	-0.0633744	0.0844918	0.994393	0.608397	-0.00785213
322.655	0.48021	-0.318753	0.00548495	-0.0660721	0.0831559	0.994329	0.597654	-0.00748443
322.855	0.600103	-0.306526	0.0056509	-0.0687347	0.0819978	0.994243	0.609176	-0.0161086
323.055	0.687054	-0.31536	0.00612021	-0.0713364	0.0849328	0.993811	0.567025	-0.00141017
323.255	0.799066	-0.303457	0.00626234	-0.0736066	0.0838772	0.993734	0.529341	0
323.455	0.90441	-0.292501	0.00638244	-0.0755389	0.0829903	0.993663	0.493415	-0.000146846
323.655	1.13112	-0.327626	0.00431295	-0.0771876	0.0551993	0.995478	0.476965	-0.00161549
323.855	1.22542	-0.32045	0.00443131	-0.0785333	0.0553639	0.995363	0.449062	-0.00773506
324.055	1.30825	-0.311326	0.00450695	-0.079356	0.0556697	0.99528	0.383512	-0.00648526
324.255	1.3875	-0.30425	0.00453634	-0.0799448	0.0558861	0.995221	0.392321	-0.0250203
324.455	1.46363	-0.29711	0.00461171	-0.0803677	0.0561817	0.99517	0.381909	-0.0211726
324.655	1.53078	-0.301903	0.00474464	-0.0804263	0.0577554	0.995075	0.325293	-0.018799
324.855	1.57907	-0.297028	0.00476403	-0.0803578	0.0579652	0.995068	0.325131	-0.0211054
325.055	1.64168	-0.290856	0.00473457	-0.080094	0.0578831	0.995094	0.286767	-0.0106978
325.255	1.69991	-0.305262	0.00501474	-0.0795583	0.0616683	0.994908	0.283254	-0.0109645
325.455	1.75457	-0.299608	0.00497359	-0.0788978	0.0616742	0.994961	0.283346	-0.0215458
325.655	1.80715	-0.293734	0.00488629	-0.0781325	0.0613279	0.995043	0.265818	-0.0269188
325.855	1.85358	-0.285529	0.00471837	-0.0771373	0.0599563	0.995205	0.230564	-0.0255663
326.055	1.89749	-0.280477	0.00460376	-0.0759365	0.0595094	0.995325	0.217082	-0.0281083
326.255	1.94047	-0.275695	0.00446475	-0.0746926	0.0587761	0.995463	0.202054	-0.0311533
326.455	1.95257	-0.270751	0.0043135	-0.0732279	0.0580735	0.995614	0.190187	-0.0351211
326.655	1.98994	-0.26662	0.00412378	-0.0717104	0.0568349	0.995796	0.175542	-0.0356929
326.855	2.02415	-0.262465	0.00387773	-0.0700039	0.0547828	0.996034	0.149841	-0.0222146
327.056	2.06527	-0.25087	0.00304565	-0.0682062	0.0444797	0.996675	0.15377	-0.033309
327.255	2.08721	-0.249068	0.00289182	-0.0667347	0.0432887	0.996827	0.145078	-0.0327616
327.455	2.11596	-0.246759	0.00271425	-0.0647977	0.0421604	0.997004	0.15312	-0.0326736
327.655	2.15743	-0.233597	0.00227551	-0.0628694	0.0368533	0.997339	0.145512	-0.0325414
327.855	2.18566	-0.231659	0.00210803	-0.060914	0.0356541	0.997504	0.118139	-0.0329423
328.055	2.22405	-0.224637	0.00136589	-0.058774	0.024714	0.997964	0.110913	-0.0185713
328.255	2.24655	-0.22364	0.00123034	-0.0565424	0.0237521	0.998117	0.120058	-0.0177647
328.455	2.26912	-0.222691	0.00110128	-0.0543207	0.0228594	0.998261	0.112202	-0.0311095
328.655	2.29157	-0.242665	0.00112324	-0.052029	0.024685	0.99834	0.104837	-0.0169016
328.855	2.31313	-0.241636	0.00104414	-0.0497698	0.024864	0.998451	0.119818	-0.0229119
329.055	2.33092	-0.240749	0.00112904	-0.0473136	0.0271211	0.998511	0.0692064	0.111428
329.255	2.35646	-0.23333	0.00117984	-0.0449913	0.0306375	0.998517	0.0969769	0.100458
329.455	2.37244	-0.232047	0.00143288	-0.0424197	0.0377333	0.998386	0.0794641	0.108645
329.656	2.38762	-0.230589	0.00164383	-0.0398205	0.0447294	0.998204	0.0733971	0.108221
329.855	2.40451	-0.229835	0.00177627	-0.03787	0.049933	0.998033	0.0726059	0.107941
330.055	2.41968	-0.228137	0.00184109	-0.035296	0.055719	0.997821	0.0639728	0.106176
330.255	2.43929	-0.225872	0.00185579	-0.0329666	0.0594365	0.997686	0.127121	0.0328342
330.456	2.45823	-0.226633	0.00161949	-0.0309409	0.0552677	0.997991	0.152713	0.0283793
330.655	2.48585	-0.223603	0.00171982	-0.0290075	0.06053	0.997743	0.178517	0.0804243
330.855	2.51769	-0.219804	0.00182058	-0.0272837	0.0674067	0.997351	0.185313	0.0933192
331.055	2.56292	-0.214455	0.00201921	-0.0259878	0.0771082	0.996682	0.236825	0.184577
331.255	2.61177	-0.207588	0.00235002	-0.0250935	0.0922762	0.995414	0.270297	0.240507
331.455	2.66418	-0.207728	0.00179251	-0.0244171	0.124348	0.991937	0.30675	0.367992
331.655	2.71792	-0.224939	0.00445001	-0.0257541	0.165445	0.985873	0.281915	0.499399
331.855	2.77172	-0.234238	0.00337605	-0.0266188	0.216006	0.976023	0.227038	0.543644
332.055	2.82512	-0.244417	0.00656083	-0.0273446	0.266099	0.963535	0.174702	0.661684
332.255	2.87489	-0.239473	0.00830206	-0.0275817	0.304481	0.952083	0.190061	0.43653
332.455	2.90881	-0.237235	0.00749052	-0.0271065	0.330878	0.943254	0.23152	0.358341
332.655	2.95753	-0.234834	0.0105356	-0.0276363	0.368203	0.929275	0.232863	0.398083
332.855	3.00282	-0.210641	0.0106985	-0.0264288	0.389509	0.920581	0.291489	0.280647
333.055	3.04619	-0.169786	0.0107396	-0.0256271	0.416004	0.908938	0.343616	0.279649
333.255	3.09323	-0.129393	0.0123258	-0.0255299	0.447302	0.893933	0.304158	0.244809
333.455	3.13344	-0.0730639	0.0126296	-0.024999	0.462646	0.886101	0.358715	0.261111
333.655	3.17787	-0.00673832	0.0131286	-0.0249048	0.477503	0.878179	0.417683	0.267042
333.855	3.24313	0.0694167	0.0139407	-0.0251793	0.495148	0.868332	0.476147	0.260857
334.055	3.29673	0.156864	0.0149133	-0.0258964	0.509513	0.859944	0.529001	0.285382
334.255	3.3265	0.213297	0.0149668	-0.0255618	0.517322	0.855278	0	0
334.455	3.28892	0.230022	0.013484	-0.0231464	0.512305	0.858386	0.100806	0.207068
334.655	3.30276	0.256847	0.0127852	-0.0211724	0.523997	0.851361	0.197267	0.215925
334.855	3.32475	0.297577	0.0124055	-0.0198095	0.536356	0.843668	0.20784	0.255984
335.055	3.34426	0.318253	0.0119757	-0.0185982	0.545982	0.837505	0.0371617	0.154069
335.255	3.35311	0.340321	0.0109653	-0.0165133	0.555452	0.831313	0.099191	0.194967
335.455	3.36379	0.368712	0.0100819	-0.0147102	0.564896	0.82497	0.174195	0.195351
335.655	3.3735	0.38227	0.00882737	-0.0125831	0.5727	0.819621	0	0
335.855	3.37792	0.395672	0.00752523	-0.0103318	0.579702	0.814729	0.111845	0.17059
336.055	3.3904	0.429111	0.00655081	-0.00862952	0.588599	0.808352	0.191024	0.170868
336.255	3.40102	0.470783	0.00586781	-0.00747264	0.594696	0.803895	0.255227	0.156996
336.455	3.41309	0.525544	0.0055142	-0.00684908	0.599477	0.800344	0.321514	0.173348
336.656	3.42417	0.590998	0.00552725	-0.00672721	0.601946	0.79849	0.379588	0.198322
336.855	3.44223	0.669167	0.00585885	-0.00704768	0.606002	0.795411	0.434975	0.182839
337.055	3.46077	0.758972	0.00650558	-0.00782537	0.609399	0.792798	0.496049	0.187925
337.255	3.47925	0.861806	0.00742998	-0.00902638	0.612019	0.790757	0.519134	0.179302
337.456	3.48896	0.937269	0.00802537	-0.00985204	0.614961	0.788455	0.506236	0.214497
337.655	3.49876	1.03743	0.00892979	-0.010982	0.622045	0.782854	0.460968	0.179262
337.855	3.49483	1.12559	0.0095619	-0.0118568	0.622249	0.782671	0.436529	0.182439
338.055	3.50772	1.21269	0.010319	-0.0123557	0.630186	0.776277	0.422139	0.245412
338.255	3.5201	1.29606	0.010882	-0.012786	0.638448	0.769482	0.434911	0.258008
338.455	3.53417	1.37275	0.0114315	-0.0133189	0.643563	0.765192	0.426156	0.277444
338.656	3.53945	1.43634	0.0114366	-0.0131354	0.652447	0.757634	0.406018	0.302487
338.856	3.54143	1.467	0.0105874	-0.0117457	0.659805	0.751271	0.218696	0.20229
339.055	3.53883	1.494	0.00925865	-0.00994193	0.66994	0.742291	0.0410246	0.150021
339.255	3.53953	1.50469	0.00758424	-0.0078972	0.676083	0.736744	0.102698	0.204593
339.455	3.54082	1.53402	0.00643395	-0.00645249	0.686224	0.727333	0.189995	0.216553
339.655	3.53907	1.5783	0.00586033	-0.00568655	0.695657	0.718328	0.281797	0.269455
339.855	3.53914	1.64325	0.00592305	-0.00555176	0.709508	0.704651	0.368713	0.329436
340.055	3.53745	1.70442	0.00648203	-0.00592408	0.721601	0.692253	0.46285	0.392944
340.255	3.53201	1.79432	0.00761465	-0.00668081	0.740574	0.671898	0.485375	0.42772
340.455	3.51999	1.89435	0.00908844	-0.00760827	0.762524	0.646852	0.542298	0.463076
340.655	3.49878	2.00443	0.0110243	-0.00863982	0.788534	0.614831	0.596159	0.523277
340.855	3.46719	2.12601	0.0133986	-0.00957067	0.818031	0.574939	0.630372	0.519408
341.055	3.4197	2.24664	0.0159011	-0.0102901	0.846533	0.531999	0.645873	0.517143
341.255	3.36026	2.36294	0.0184904	-0.0106427	0.872313	0.488482	0.624958	0.502744
341.455	3.29353	2.46573	0.0207098	-0.0106649	0.893182	0.449092	0.586714	0.475322
341.655	3.22262	2.55592	0.0225847	-0.0104834	0.910389	0.413004	0.554253	0.4568
341.855	3.14911	2.63035	0.0239672	-0.0101321	0.923776	0.382048	0.498327	0.42758
342.055	3.08105	2.69511	0.0249149	-0.00959845	0.935295	0.35286	0.444392	0.388292
342.255	3.0188	2.74854	0.0253651	-0.00894436	0.94474	0.326716	0.39435	0.362681
342.455	2.9683	2.79192	0.0253836	-0.00823261	0.952449	0.303528	0.335166	0.317482
342.655	2.92943	2.81868	0.0249946	-0.00766143	0.957007	0.288885	0.314757	0.312723
342.855	2.87907	2.85073	0.0244114	-0.0069062	0.962694	0.2694	0.278256	0.295346
343.055	2.40796	3.13876	0.0238082	-0.00551815	0.974143	0.224606	0.283796	0.35008
343.255	2.36369	3.15916	0.0227053	-0.00477985	0.9782	0.206364	0.200179	0.237784
343.455	2.32543	3.17509	0.0212802	-0.0040877	0.981252	0.191506	0.201156	0.230753
343.655	2.69674	2.78963	0.0197004	-0.00395996	0.979007	0.202833	0.219435	0.25104
343.856	2.65817	2.80467	0.0182901	-0.00337219	0.981521	0.19045	0.228241	0.260895
344.055	2.61955	2.81785	0.0168565	-0.00281087	0.983958	0.177581	0.160684	0.160861
344.255	2.59321	2.81764	0.0153302	-0.00244831	0.984928	0.172266	0.164614	0.1662
344.455	2.55881	2.82561	0.0136704	-0.0020515	0.986291	0.164434	0.18467	0.162337
344.655	2.49032	2.83606	0.0121823	-0.00170718	0.987466	0.15735	0.224762	0.158793
344.855	2.44631	2.84323	0.0109972	-0.00146824	0.988659	0.149766	0.20331	0.139079
345.055	2.40077	2.849	0.00988809	-0.00124732	0.98981	0.142043	0.205187	0.120302
345.255	2.38487	2.85224	0.00901957	-0.0010796	0.990686	0.135865	0.228011	0.143436
345.455	2.39544	2.85449	0.0077417	-0.000873683	0.991657	0.128667	0.179538	0.0807036
345.655	2.35447	2.85681	0.00647568	-0.000655982	0.992405	0.122842	0.197962	0.0786794
345.855	2.32808	2.86042	0.00550225	-0.000482054	0.993247	0.115887	0.253729	0.108704
346.055	2.2974	2.86424	0.00474395	-0.000378116	0.993994	0.109328	0.253465	0.0723005
346.255	2.24473	2.8674	0.00406869	-0.000290618	0.994607	0.103637	0.252203	0.0786046
346.456	2.2012	2.85629	0.00325648	-0.000202844	0.995042	0.099406	0.232423	0.0675953
346.655	2.15304	2.85366	0.00248547	-0.000112433	0.995464	0.0951059	0.250135	0.0656085
346.855	2.10133	2.85565	0.00178901	-3.95121e-05	0.995875	0.0907174	0.263296	0.0655524
347.055	2.06568	2.85891	0.0012332	4.40122e-06	0.99625	0.086517	0.246197	0.0473039
347.255	2.0116	2.86082	0.000731479	0.000103199	0.996573	0.0827199	0.28316	0.0587972
347.455	1.95034	2.86307	0.000514415	0.000106551	0.996862	0.0791617	0.278166	0.045822
347.655	1.91289	2.86285	0.000172616	8.11928e-05	0.997082	0.0763393	0.273651	0.0418951
347.855	1.87013	2.86027	0.000114962	5.1774e-05	0.99739	0.0722013	0.294593	0.0553004
348.055	1.80891	2.8625	0.000154163	9.15139e-05	0.997633	0.0687659	0.310372	0.0532388
348.255	1.76066	2.86218	0.00018955	0.000121246	0.997939	0.0641768	0.320005	0.0532341
348.455	1.71507	2.8606	0.000201643	0.000146314	0.998248	0.0591616	0.315724	0.0513969
348.655	1.6494	2.86225	0.000271747	0.000125811	0.998423	0.0561423	0.327927	0.0362946
348.855	1.59628	2.86274	0.000514462	0.000101983	0.998456	0.0555386	0.357111	0.0371828
349.055	1.53222	2.86424	0.000863839	7.43837e-05	0.998547	0.0538776	0.364483	0.0327277
349.256	1.45637	2.86653	0.00142215	5.53549e-05	0.998697	0.0510166	0.410214	0.0679951
349.455	1.37954	2.86161	0.00229145	-2.4445e-06	0.998793	0.0490719	0.411693	0.0394268
349.655	1.29991	2.86307	0.00305467	-4.18433e-05	0.998892	0.0469649	0.405146	0.0303575
349.855	1.21682	2.86524	0.00397088	-8.89609e-05	0.99898	0.0449836	0.410408	0.0134087
350.055	1.1524	2.86241	0.00497514	-0.000129358	0.998993	0.0445897	0.430257	0.0274638
350.255	1.0849	2.86449	0.00590992	-0.000152073	0.999036	0.0435049	0.444021	0.0199559
350.455	0.995228	2.86708	0.00714537	-0.000197016	0.999103	0.0417429	0.480587	0.0255798
350.655	0.903442	2.86492	0.00865236	-0.000242688	0.99915	0.0402916	0.500368	0.0282445
350.855	0.812165	2.85992	0.0102352	-0.00031387	0.999161	0.0396621	0.498618	0.0223775
351.055	0.711187	2.86329	0.0120403	-0.000367907	0.999215	0.0377465	0.517514	0.0122586
351.255	0.607534	2.86077	0.0140033	-0.00044141	0.999207	0.0372693	0.530966	0.0240558
351.455	0.500719	2.86105	0.0161145	-0.00051188	0.999211	0.0362878	0.547095	0.0196474
351.655	0.389892	2.86519	0.0184115	-0.000573213	0.999229	0.03467	0.558831	0.009608
351.855	0.276667	2.8694	0.0208278	-0.000634365	0.999232	0.033194	0.571005	0.00804191
352.055	0.184978	2.85121	0.0233586	-0.000696168	0.999255	0.0307063	0.584584	0.00814476
352.255	0.0663344	2.85541	0.0259724	-0.000824828	0.999223	0.029622	0.608854	0.00306317
352.455	-0.0426779	2.85087	0.0287461	-0.000966717	0.999158	0.0292533	0.622329	0.0178242
352.655	-0.166438	2.8555	0.03161	-0.00109319	0.999105	0.028103	0.628722	0.0164264
352.855	-0.261673	2.8591	0.033904	-0.00123286	0.999045	0.0275322	0.646841	0
353.055	-0.387683	2.86117	0.0370611	-0.0014107	0.99893	0.0276197	0.653484	0
353.256	-0.511482	2.86127	0.0402833	-0.00163093	0.998773	0.0287634	0.663063	0
353.455	-0.643091	2.86696	0.0435444	-0.0017989	0.998648	0.0283173	0.667516	0
353.655	-0.769338	2.85875	0.0468475	-0.00203515	0.998466	0.0294405	0.671761	0
353.855	-0.89275	2.85404	0.0499297	-0.00225194	0.998289	0.0303574	0.595179	-0.00444
354.055	-1.01096	2.8598	0.0525182	-0.00238431	0.998162	0.0301408	0.554241	-0.00543575
354.255	-1.10367	2.85673	0.0546476	-0.00259366	0.997996	0.0317995	0.536124	-0.0064128
354.455	-1.20205	2.8605	0.0564503	-0.00272198	0.997873	0.0324779	0.518631	0
354.655	-1.3006	2.86629	0.0580526	-0.00283032	0.997772	0.0327443	0.482982	0
354.855	-1.4216	2.85006	0.0592995	-0.0027292	0.997785	0.0300166	0.435195	0
355.055	-1.50814	2.8548	0.0602945	-0.00280589	0.997714	0.0303995	0.405726	0
355.255	-1.58895	2.85912	0.0610048	-0.00287151	0.997659	0.0307618	0.397539	-0.00813783
355.455	-1.62462	2.86871	0.0613485	-0.00276746	0.99769	0.0290484	0.360526	-0.00928317
355.655	-1.69675	2.87221	0.061617	-0.00279493	0.997666	0.0292981	0.350831	-0.00882971
355.855	-1.76513	2.8755	0.0616943	-0.00280813	0.997655	0.0294991	0.328622	-0.00830146
356.055	-1.81209	2.87545	0.0615533	-0.00273864	0.99769	0.028612	0.322523	-0.00787604
356.255	-1.87134	2.87847	0.0611643	-0.00273681	0.997699	0.0291387	0.287579	0
356.455	-1.92508	2.88116	0.0605001	-0.00271995	0.997728	0.0295168	0.267642	0
356.655	-1.98191	2.88914	0.0597147	-0.00238572	0.997908	0.0246669	0.219934	-0.012995
356.855	-2.03084	2.89262	0.0587238	-0.00225294	0.998	0.0233035	0.235872	-0.0113588
357.055	-2.07423	2.89414	0.057542	-0.00221771	0.998057	0.0237874	0.220585	-0.011644
357.255	-2.11406	2.90707	0.05631	-0.00179281	0.998258	0.0175367	0.20684	0
357.456	-2.15257	2.90791	0.0548876	-0.00174978	0.998329	0.0179826	0.194974	0
357.655	-2.18912	2.90873	0.0533729	-0.00170136	0.998403	0.0184233	0.196104	0
357.855	-2.20765	2.90283	0.0521445	-0.00152698	0.998511	0.0159262	0.16817	0
358.055	-2.24212	2.90344	0.0505321	-0.00146652	0.99859	0.0161993	0.160637	-0.0121676
358.255	-2.27145	2.90394	0.0486621	-0.00139938	0.998675	0.016659	0.132799	-0.0139207
358.455	-2.31038	2.90425	0.0467342	-0.00155101	0.998672	0.0216463	0.143271	-0.00779656
358.655	-2.33659	2.90499	0.0447201	-0.00146533	0.998754	0.0220797	0.133578	-0.0120413
358.855	-2.36109	2.9057	0.0426273	-0.00138401	0.998833	0.0226604	0.125359	0
359.055	-2.38879	2.90786	0.0404924	-0.00122989	0.998947	0.0215438	0.116776	-0.010508
359.255	-2.41393	2.90875	0.0384431	-0.00118918	0.998997	0.0229137	0.109405	-0.00539593
359.455	-2.44001	2.90985	0.0364431	-0.00109342	0.999066	0.0231733	0.114057	0
359.655	-2.46136	2.91869	0.0344743	-0.000528298	0.999358	0.00972239	0.121216	0
359.855	-2.48417	2.91909	0.0323175	-0.000452476	0.999428	0.00992828	0.11179	0
360.055	-2.50079	2.91905	0.0298548	-0.000561091	0.999442	0.0149458	0.0697322	-0.100771
360.255	-2.52381	2.91419	0.0274856	-0.000661197	0.999331	0.024131	0.100333	0
360.455	-2.53595	2.91479	0.0256236	-0.000688523	0.999305	0.0270568	0.0630919	-0.102113
360.655	-2.55297	2.9099	0.0232542	-0.000712826	0.999217	0.0320072	0.0986225	-0.113075
360.855	-2.57111	2.91127	0.0209261	-0.000778174	0.999015	0.0391123	0.0909178	-0.110233
361.055	-2.58787	2.91278	0.0185382	-0.000808209	0.998761	0.0461858	0.0835144	-0.109513
361.255	-2.60457	2.92299	0.0161189	-0.000794824	0.998478	0.0527298	0.0807898	-0.109915
361.455	-2.61907	2.92471	0.0136388	-0.000754714	0.998112	0.0598831	0.0728152	-0.110092
361.655	-2.63162	2.92639	0.0110716	-0.000672715	0.997694	0.0669562	0.0619246	-0.108989
361.855	-2.64477	2.92552	0.00853531	-0.000562941	0.997143	0.0750567	0.0623461	-0.10175
362.055	-2.65712	2.92762	0.00600649	-0.000443058	0.996394	0.0846305	0.0680183	-0.153557
362.255	-2.66822	2.92976	0.00343881	-0.000268869	0.995419	0.095543	0.0783179	-0.213831
362.455	-2.67989	2.9304	0.00101448	-3.45316e-05	0.994938	0.100488	0.0781188	-0.176163
362.655	-2.69354	2.93252	-0.000180695	5.7199e-05	0.993576	0.113163	0.0843742	-0.176074
362.855	-2.71262	2.93453	-0.000136226	-2.13061e-05	0.991546	0.129752	0.105971	-0.227254
363.055	-2.65433	2.95106	-0.000121063	4.54402e-05	0.990458	0.137813	0.103462	-0.212652
363.255	-2.6722	2.95326	-0.000154296	5.5025e-07	0.988115	0.153717	0.0985766	-0.218781
363.455	-2.68936	2.95575	-0.000127757	6.14577e-05	0.985645	0.168833	0.099237	-0.212042
363.655	-2.71524	2.95877	-0.000273764	2.11516e-05	0.982102	0.18835	0.115943	-0.272617
363.855	-2.73879	2.95144	-0.000483988	-5.7495e-05	0.976005	0.217748	0.128817	-0.27936
364.055	-2.76534	2.9449	-0.000390242	-0.000142231	0.968427	0.249298	0.132934	-0.273853
364.255	-2.85163	2.93892	-0.000373629	-8.31253e-05	0.959251	0.282555	0.132079	-0.277186
364.455	-2.90585	2.93441	-0.000175454	-4.18687e-05	0.948241	0.317551	0.135135	-0.304256
364.655	-2.93953	2.93154	-0.000361395	-0.000218561	0.934807	0.355156	0.157609	-0.278537
364.855	-2.97407	2.92641	-0.000152771	-0.000385195	0.922269	0.386548	0.156093	-0.294836
365.055	-3.0152	2.92661	-5.17478e-05	-0.000342544	0.908071	0.418815	0.170101	-0.302804
365.255	-3.06068	2.92866	-0.000101825	-0.000151037	0.891245	0.453522	0.184375	-0.330666
365.455	-3.09718	2.88759	-0.000370765	-0.000279917	0.867482	0.497468	0.189249	-0.308091
365.655	-3.13547	2.88883	-0.000457957	-0.000600463	0.850753	0.525565	0.16555	-0.335495
365.855	-3.18613	2.89575	-0.00064139	-0.000859718	0.82816	0.560491	0.172842	-0.321419
366.055	-3.23322	2.91717	-0.000981366	-0.000688233	0.806418	0.591345	0.177037	-0.281716
366.255	-3.28092	2.93463	-0.00123654	-0.000794815	0.783744	0.621083	0.180909	-0.266237
366.455	-3.32555	2.96667	-0.000307945	-0.000452356	0.773354	0.633974	0.140344	-0.0219653
366.655	-3.34343	2.98991	0.000408277	0.000175346	0.756929	0.653497	0.12295	-0.417608
366.855	-3.36459	3.01233	-0.000111517	4.91866e-05	0.73889	0.673826	0.156656	-0.130266
367.055	-3.38027	3.05323	1.67618e-06	8.41049e-06	0.735041	0.678023	0.220182	-0.025587
367.255	-3.38679	3.10242	1.5682e-05	2.25991e-07	0.735839	0.677157	0.262183	0.0549825
367.455	-3.39155	3.161	7.84142e-05	-1.08734e-05	0.738222	0.674558	0.323172	0.0227304
367.655	-3.39905	3.2157	0.000160742	-9.42546e-05	0.744037	0.668138	0.335163	0.0126559
367.855	-3.40674	3.29034	0.000528375	-0.000468092	0.746615	0.665255	0.408861	-0.00234817
368.058	-3.41557	3.36835	0.00106088	-0.000839161	0.751827	0.659359	0.340294	0.124044
368.255	-3.41203	3.42472	0.00128722	-0.00114288	0.75191	0.659263	0.362422	-0.0412105
368.455	-3.42102	3.49939	0.00167256	-0.00145906	0.753483	0.657464	0.401921	0.0477903
368.655	-3.43122	3.58167	0.00231498	-0.00205248	0.755222	0.655462	0.44707	-0.0597698
368.856	-3.43846	3.60523	0.000800318	-0.000616951	0.754012	0.65686	0.0470196	-0.172989
369.055	-3.44011	3.61929	-8.85187e-05	8.22887e-05	0.748768	0.662832	0.111749	-0.0431243
369.255	-3.44275	3.64544	-6.75426e-05	1.21684e-05	0.748161	0.663517	0.172126	-0.0380315
369.455	-3.44035	3.67182	6.80182e-05	-1.54271e-05	0.747789	0.663936	0.22732	-0.0487463
369.655	-3.44328	3.7008	-3.33481e-05	5.92647e-05	0.747628	0.664118	0	0
369.856	-3.44384	3.70881	-0.000299425	0.000157087	0.752338	0.658777	0.0793054	0.111097
370.055	-3.45075	3.74515	-9.9309e-07	4.57091e-05	0.750044	0.661388	0.156309	-0.0435758
370.255	-3.45231	3.75707	-6.77477e-05	9.73295e-05	0.744876	0.667203	0.0996154	-0.168708
370.455	-3.45285	3.76882	-2.29873e-05	5.58252e-05	0.744099	0.66807	0	0
370.655	-3.45028	3.77614	-0.000233979	0.000107262	0.749143	0.662408	0.0777725	0.112327
370.855	-3.45217	3.79597	-2.35511e-05	3.79865e-05	0.749606	0.661884	0.0878198	-0.14543
371.056	-3.45443	3.81767	-1.08216e-05	4.07246e-05	0.747425	0.664346	0.147498	-0.0459905
371.255	-3.46206	3.85686	4.22054e-05	-3.89174e-05	0.744099	0.668069	0.202465	-0.0370263
371.455	-3.46565	3.90206	7.13298e-05	-2.90763e-05	0.743341	0.668913	0.255841	-0.0342962
371.655	-3.47013	3.9561	0.000108523	-5.78702e-05	0.742438	0.669915	0.289097	-0.0584326
371.855	-3.47209	4.00752	0.000165407	-0.000121824	0.74248	0.669868	0.349787	-0.0451046
372.055	-3.47867	4.08042	0.000467783	-0.000440312	0.742869	0.669437	0.396051	-0.0624929
372.255	-3.48634	4.16235	0.00111235	-0.00104126	0.742475	0.669872	0.43609	-0.0765947
372.455	-3.50393	4.25134	0.00205963	-0.00188815	0.743924	0.668258	0.478569	-0.083399
372.655	-3.51355	4.35073	0.00334819	-0.00306831	0.74182	0.670584	0.512715	-0.119216
372.856	-3.52051	4.43856	0.00423134	-0.00382542	0.739807	0.672795	0.408322	-0.0670484
373.055	-3.51528	4.4794	0.00356217	-0.00315658	0.738198	0.674568	0.0426026	-0.119868
373.255	-3.51582	4.48814	0.00205396	-0.00186616	0.733941	0.679208	0.0874522	-0.20769
373.455	-3.51703	4.51092	0.000564702	-0.000436261	0.729837	0.683621	0.146335	-0.0603376
373.655	-3.51991	4.55207	6.55416e-05	-5.45451e-06	0.727815	0.685774	0.20285	-0.0223821
373.855	-3.52224	4.5971	8.84105e-05	-1.19655e-05	0.726109	0.68758	0.254486	-0.0268302
374.055	-3.52485	4.65273	9.68019e-05	-3.79283e-05	0.724459	0.689317	0.306524	-0.103798
374.255	-3.53313	4.68679	0.000114864	-4.41389e-05	0.725834	0.68787	0.306892	-0.135865
374.455	-3.53584	4.75192	0.000168121	-0.000141436	0.720903	0.693036	0.306594	-0.151257
374.655	-3.53741	4.80888	0.000108297	-5.48893e-05	0.714487	0.699649	0.303057	-0.205397
374.855	-3.52241	4.86941	0.000228965	-0.000236517	0.707944	0.706269	0.370829	-0.272084
375.055	-3.52088	4.94735	0.000780622	-0.000839123	0.69254	0.721378	0.421894	-0.372914
375.255	-3.51527	5.03515	0.00167522	-0.00182254	0.672013	0.740535	0.477424	-0.418621
375.455	-3.50206	5.1247	0.00280155	-0.0032031	0.646409	0.762979	0.52573	-0.464446
375.657	-3.48224	5.22901	0.0040714	-0.00494042	0.615423	0.788171	0.564024	-0.432701
375.855	-3.46246	5.30243	0.00491572	-0.00638379	0.589782	0.807523	0.588146	-0.459224
376.055	-3.42893	5.38932	0.00583985	-0.00843838	0.553212	0.832977	0.590466	-0.435706
376.255	-3.38127	5.49564	0.00655971	-0.0105381	0.516839	0.855993	0.611284	-0.397826
376.456	-3.3222	5.61743	0.00716403	-0.0126943	0.482501	0.875774	0.623555	-0.392567
376.655	-3.29832	5.65533	0.00638775	-0.0117668	0.468244	0.883498	0.358875	-0.349604
376.855	-3.27511	5.69002	0.0055184	-0.0107348	0.447955	0.893975	0.291924	-0.318061
377.055	-3.25131	5.71978	0.00485399	-0.00997947	0.42934	0.903075	0.302157	-0.275297
377.255	-3.21303	5.76648	0.00438438	-0.00960179	0.408506	0.912695	0.333811	-0.271134
377.455	-3.16652	5.81848	0.00411607	-0.00959019	0.38892	0.921212	0.388764	-0.259372
377.655	-3.13062	5.91146	0.0039389	-0.00999642	0.362684	0.93185	0.434021	-0.295914
377.855	-3.06452	5.97032	0.00395761	-0.0107758	0.342555	0.939428	0.478903	-0.301044
378.055	-2.98912	6.03131	0.00401798	-0.0118689	0.324259	0.945885	0.520071	-0.294175
378.255	-2.90226	6.05932	0.00425532	-0.0130173	0.314698	0.949093	0.553182	-0.278715
378.455	-2.81347	6.12312	0.00453148	-0.0146795	0.298824	0.954184	0.576825	-0.266105
378.655	-2.71847	6.18671	0.00486326	-0.0165547	0.285129	0.958334	0.596479	-0.258581
378.855	-2.60717	6.24081	0.00527582	-0.0185952	0.275713	0.961046	0.621647	-0.2702
379.055	-2.5008	6.30433	0.00567369	-0.0209065	0.264112	0.964249	0.649926	-0.249955
379.255	-2.38782	6.36787	0.00603908	-0.0234255	0.254236	0.96684	0.679806	-0.245705
379.455	-2.27632	6.42953	0.0064682	-0.0261528	0.245529	0.969015	0.702206	-0.227736
379.655	-2.15136	6.49099	0.00696173	-0.0290828	0.239618	0.970407	0.730384	-0.200967
379.855	-2.02374	6.5495	0.00750813	-0.0320337	0.236122	0.971166	0.69877	-0.178819
380.055	-1.92342	6.59342	0.00809161	-0.034572	0.235587	0.971204	0.648814	-0.165464
380.255	-1.80872	6.63754	0.00848509	-0.0367003	0.232982	0.971751	0.573913	-0.172271
380.455	-1.67406	6.67957	0.0086538	-0.03837	0.227323	0.973025	0.536953	-0.185565
380.655	-1.57022	6.70969	0.00873559	-0.0398961	0.221015	0.974415	0.516802	-0.215006
380.856	-1.49394	6.72888	0.00867547	-0.0408882	0.214232	0.975888	0.485256	-0.226234
381.055	-1.40079	6.75146	0.00846307	-0.0421909	0.203326	0.978165	0.492782	-0.238342
381.256	-1.31642	6.77176	0.00814461	-0.0434174	0.190353	0.980721	0.458208	-0.227298
381.455	-1.22625	6.78347	0.00777303	-0.0443733	0.177771	0.98304	0.425908	-0.216023
381.655	-1.15511	6.78871	0.00732457	-0.0451099	0.164883	0.985254	0.408467	-0.220163
381.856	-1.08603	6.79146	0.0067843	-0.045707	0.150726	0.987495	0.376	-0.19963
382.055	-1.01137	6.79326	0.00614132	-0.0460702	0.135495	0.989687	0.352831	-0.193421
382.255	-0.942681	6.79286	0.00544051	-0.0462265	0.120037	0.991678	0.330125	-0.192613
382.455	-0.87751	6.79146	0.00468628	-0.0461789	0.104097	0.993483	0.316778	-0.194734
382.655	-0.81511	6.78938	0.00390757	-0.046008	0.0877338	0.995073	0.303003	-0.200625
382.855	-0.746803	6.79152	0.00308942	-0.0455792	0.0704669	0.996467	0.272143	-0.18259
383.056	-0.694076	6.78823	0.00231983	-0.0449409	0.0546475	0.997491	0.259388	-0.209745
383.255	-0.644707	6.7849	0.00157958	-0.0441382	0.0388308	0.998269	0.246844	-0.207426
383.455	-0.608831	6.77813	0.00112017	-0.0434458	0.0287027	0.998643	0.235124	-0.196481
383.656	-0.564832	6.77454	0.000425467	-0.0423795	0.0129081	0.999018	0.228024	-0.194281
383.855	-0.523897	6.77058	-0.000184603	-0.0411586	-0.00209647	0.99915	0.211989	-0.199045
384.055	-0.489992	6.76615	-0.000794239	-0.0398624	-0.0176572	0.999049	0.200257	-0.208375
384.255	-0.451943	6.76182	-0.00134816	-0.0384998	-0.0330373	0.998711	0.189374	-0.208207
384.455	-0.416226	6.75747	-0.00187316	-0.0370241	-0.0487181	0.998124	0.165044	-0.191802
384.655	-0.369598	6.75595	-0.00234782	-0.0353206	-0.0643866	0.997297	0.145508	-0.232954
384.855	-0.343519	6.75257	-0.00270677	-0.033397	-0.0795295	0.996269	0.133508	-0.218306
385.055	-0.315885	6.74805	-0.00301902	-0.0315549	-0.0951386	0.994959	0.151621	-0.214977
385.255	-0.287056	6.74218	-0.00325182	-0.0297045	-0.109619	0.993524	0.143342	-0.207285
385.455	-0.265663	6.7374	-0.00342748	-0.0275626	-0.124616	0.991816	0.104772	-0.215297
385.655	-0.240679	6.73151	-0.00353306	-0.0255229	-0.139888	0.989832	0.124849	-0.207274
385.855	-0.207782	6.72686	-0.00360937	-0.0233844	-0.156174	0.987446	0.113665	-0.22448
386.055	-0.192082	6.72205	-0.00361548	-0.0217594	-0.16842	0.985468	0.117274	-0.2176
386.255	-0.182924	6.71339	-0.00354916	-0.0195756	-0.184895	0.982557	0.106205	-0.217138
386.455	-0.164408	6.70648	-0.00338237	-0.017347	-0.199964	0.979644	0.0945826	-0.221106
386.655	-0.148562	6.69977	-0.00312472	-0.0150231	-0.215012	0.976491	0.0871866	-0.203973
386.855	-0.133882	6.69178	-0.00282329	-0.0126533	-0.229377	0.973251	0.0856671	-0.21411
387.055	-0.12008	6.68396	-0.00245033	-0.0102574	-0.244092	0.969695	0.0966742	-0.235016
387.256	-0.104874	6.67588	-0.00204148	-0.00792949	-0.260282	0.965498	0.0751008	-0.218218
387.455	-0.0877481	6.67022	-0.0015365	-0.00554969	-0.276165	0.961093	0.0867711	-0.24642
387.655	-0.0746231	6.66307	-0.00095769	-0.00315491	-0.292754	0.956182	0.0807083	-0.243381
387.855	-0.0624845	6.65544	-0.000268771	-0.000809718	-0.309041	0.951048	0.0759452	-0.236762
388.055	-0.0533238	6.64774	-3.05316e-05	-9.10818e-06	-0.326227	0.945292	0.0700159	-0.250575
388.255	-0.043671	6.64151	6.10333e-05	1.66662e-06	-0.342878	0.93938	0.06891	-0.246612
388.455	-0.0370967	6.63684	2.40088e-05	-2.78095e-05	-0.355834	0.934549	0.0615209	-0.256857
388.655	-0.0229034	6.63476	-1.94663e-07	-8.36615e-05	-0.375427	0.926852	0.0347254	-0.280114
388.855	-0.0164217	6.62945	-1.05065e-05	-5.21527e-06	-0.394318	0.918974	0.0529347	-0.269973
