time	x	y	orientation_x	orientation_y	orientation_z	orientation_w	linear_vel	angular_vel
275.821	-0.00482752	-5.99484	-0.000307673	0.000396214	0.698152	0.715949	0.0298916	-0.275079
276.021	-0.00485491	-5.98395	-0.000352362	0.000434907	0.681286	0.732017	0.0988551	-0.301594
276.221	0.00220474	-5.96231	-0.000243452	0.000336529	0.663168	0.748471	0.132462	-0.289252
276.421	0.00538412	-5.93186	0.000323814	-0.000272274	0.644016	0.765012	0.197747	-0.307155
276.622	0.0123114	-5.88951	0.00033286	-0.000329532	0.627749	0.778416	0.257489	-0.269041
276.821	0.0765201	-5.85085	0.000311683	-0.000454407	0.615651	0.788019	0.304229	-0.263155
277.021	0.0917871	-5.78763	0.000380265	-0.000530789	0.596261	0.802791	0.369177	-0.257052
277.221	0.114322	-5.71362	0.000679253	-0.000904996	0.574634	0.81841	0.42813	-0.25739
277.421	0.15608	-5.63294	0.00114892	-0.00163125	0.556131	0.831093	0.478852	-0.243864
277.621	0.183288	-5.56707	0.00163111	-0.0024265	0.538221	0.842798	0.485386	-0.259968
277.821	0.224824	-5.4786	0.00218055	-0.00354153	0.513581	0.858031	0.522565	-0.279526
278.021	0.299124	-5.39782	0.0026302	-0.00460353	0.493033	0.869995	0.447385	-0.228946
278.221	0.344665	-5.32276	0.00284033	-0.00529674	0.472326	0.881403	0.437856	-0.257345
278.421	0.3742	-5.25176	0.00290896	-0.00576459	0.452426	0.891778	0.409724	-0.223922
278.621	0.390973	-5.18662	0.00283687	-0.00594363	0.43475	0.900527	0.367735	-0.183574
278.821	0.435	-5.13155	0.00266397	-0.00588606	0.419917	0.907539	0.352098	-0.176837
279.021	0.496896	-5.07763	0.00242083	-0.00561082	0.405182	0.914216	0.321472	-0.164375
279.221	0.551623	-5.0289	0.0021386	-0.00518271	0.391863	0.920006	0.302387	-0.151995
279.421	0.592524	-4.98677	0.00182248	-0.00461641	0.38046	0.924784	0.301022	-0.159557
279.621	0.577186	-4.95332	0.00146726	-0.00388502	0.367395	0.930056	0.275314	-0.146856
279.821	0.611559	-4.92132	0.000999491	-0.00276831	0.359137	0.93328	0.216144	-0.0960863
280.021	0.644991	-4.89123	0.000528619	-0.0016076	0.35091	0.936408	0.256346	-0.152338
280.221	0.678438	-4.86911	0.000252439	-0.000880039	0.342891	0.939375	0.238402	-0.137627
280.421	0.713253	-4.84024	0.000103087	-0.000342061	0.333899	0.942609	0.227204	-0.134904
280.622	0.745872	-4.81429	0.00013748	-0.000305154	0.325191	0.945648	0.212977	-0.129098
280.821	0.774661	-4.79213	0.000120656	-0.000261972	0.318298	0.947991	0.197028	-0.12307
281.021	0.803714	-4.7708	7.4449e-05	-0.000195702	0.310533	0.950563	0.185841	-0.120656
281.221	0.825734	-4.76138	-8.75347e-06	0.000189283	0.304224	0.952601	0.175901	-0.111261
281.421	0.849355	-4.74537	-0.000174103	0.000524618	0.298532	0.9544	0.114732	-0.0597625
281.621	0.866558	-4.73417	-0.00015679	0.000593899	0.295391	0.955376	0.110227	-0.0482179
281.821	0.884539	-4.71765	-0.000140609	0.0005609	0.290614	0.95684	0.143774	-0.100161
282.021	0.90276	-4.70365	-0.000181473	0.000604762	0.283759	0.958895	0.101413	-0.0522359
282.221	0.919714	-4.69488	-0.00017203	0.000622089	0.281219	0.959643	0.102675	-0.0404436
282.421	0.938456	-4.70009	-0.000165425	0.000566705	0.276877	0.960905	0.113677	-0.0410584
282.621	0.9528	-4.69501	-0.000168916	0.000493943	0.275441	0.961318	0.114419	-0.0363577
282.821	0.971727	-4.68881	-0.000135987	0.000529015	0.273312	0.961925	0.11689	-0.0377042
283.021	0.993752	-4.66381	-0.000117081	0.000555026	0.274109	0.961698	0.0574754	0.1117
283.221	1.00118	-4.66289	-0.000116758	0.000509678	0.280865	0.959747	0.0033905	0.123595
283.421	1.00358	-4.6642	-0.00015124	0.000459504	0.288451	0.957495	0.0101227	0.105803
283.622	1.0056	-4.66401	-0.000122271	0.000459306	0.296255	0.955109	0	0.105452
283.821	1.00669	-4.66412	-0.00012591	0.000428837	0.304511	0.952509	0.00219931	0.110337
284.021	1.01277	-4.67145	-0.000186636	0.000447516	0.316885	0.948464	0.0380131	0.236199
284.221	1.01736	-4.66942	-0.000244363	0.000651815	0.33283	0.942986	0.0366446	0.240378
284.421	1.02654	-4.66472	-0.000250045	0.000615233	0.356652	0.934237	0.0580346	0.350978
284.621	1.03629	-4.65537	-0.000182969	0.000541931	0.360236	0.932861	0.0760332	-0.109948
284.821	1.0411	-4.65149	-0.000210502	0.000525746	0.350245	0.936658	0.0587781	-0.107078
285.022	1.04785	-4.64533	-0.000203794	0.000517352	0.342527	0.939508	0.0549858	-0.109033
285.221	1.0542	-4.63946	-0.000170058	0.000564533	0.335349	0.942094	0.0780481	-0.16202
285.421	1.0637	-4.62751	-0.000195839	0.000506072	0.325072	0.945689	0.0722624	-0.161121
285.621	1.07261	-4.62002	-0.000188679	0.000501995	0.314634	0.949213	0.0692593	-0.148791
285.821	1.08261	-4.61951	-0.00014605	0.000564447	0.304969	0.952362	0.059233	-0.140541
286.021	1.09058	-4.61332	-0.000134777	0.000549966	0.295749	0.955266	0.0563771	-0.13842
286.221	1.09875	-4.60712	-0.000121159	0.00054228	0.285729	0.95831	0.0579078	-0.141544
286.421	1.1056	-4.59388	-0.000123964	0.000545436	0.276148	0.961115	0.0654266	-0.155047
286.621	1.11331	-4.5888	-0.000110874	0.000537988	0.267089	0.963672	0.0622661	-0.146317
286.821	1.12093	-4.58401	-0.000171892	0.000471937	0.259209	0.965821	0.0815547	-0.104632
287.021	1.12976	-4.57833	-0.000139202	0.000464396	0.25152	0.967852	0.0552005	-0.110151
287.221	1.13731	-4.5736	-9.51277e-05	0.000522296	0.244078	0.969755	0.0528411	-0.111084
287.421	1.14504	-4.56893	-0.000133828	0.000463008	0.236683	0.971587	0.0509954	-0.115041
287.621	1.14829	-4.56464	-0.000118931	0.000413153	0.227833	0.9737	0.0460815	-0.127395
287.821	1.15469	-4.56112	-0.000135129	0.000459009	0.222327	0.974972	0.0460065	-0.125512
288.021	1.16085	-4.55767	-7.54061e-05	0.00045567	0.214068	0.976819	0.0430425	-0.109631
288.221	1.18672	-4.57297	-7.55799e-05	0.000419411	0.209098	0.977895	0.0415917	-0.110675
288.421	1.1916	-4.57052	-5.49031e-05	0.000458593	0.201587	0.979471	0.0280918	-0.11509
288.621	1.1953	-4.56869	-3.09644e-05	0.000407407	0.193283	0.981143	0.021457	-0.131226
288.821	1.19649	-4.55401	-4.84866e-05	0.000359771	0.188143	0.982142	0.0164396	-0.113504
289.021	1.1999	-4.55243	-5.14075e-06	0.000365717	0.179732	0.983716	0.015334	-0.118583
289.221	1.20274	-4.55118	-3.54033e-05	0.000371034	0.171317	0.985216	0.0125384	-0.109256
289.421	1.20047	-4.54898	-6.76971e-05	0.000291313	0.160908	0.986969	0.0109414	-0.104974
289.621	1.20304	-4.54782	-1.93983e-05	0.000289264	0.151082	0.988521	0.00811553	-0.125789
289.821	1.20479	-4.5469	-6.40521e-05	0.000300527	0.141659	0.989916	0.00612248	-0.112294
290.021	1.21095	-4.54755	1.90828e-05	0.000263019	0.134001	0.990981	0.00699997	-0.10413
290.221	1.212	-4.54682	2.75859e-05	0.000282451	0.124432	0.992228	0.00554441	-0.130117
290.421	1.21246	-4.54638	2.25308e-05	0.000271035	0.117487	0.993074	0.00468362	-0.122515
290.621	1.22494	-4.55526	-4.73267e-05	0.000279093	0.110841	0.993838	0.00626889	-0.120642
290.821	1.22635	-4.55474	-1.63263e-05	0.000300545	0.101523	0.994833	0.0246569	-0.130952
291.021	1.22844	-4.55405	-4.99953e-05	0.000327038	0.0915714	0.995798	0.023945	-0.12374
291.221	1.21475	-4.54238	1.82492e-05	0.000321515	0.0771328	0.997021	0.00310537	-0.117229
291.421	1.21763	-4.54174	1.59867e-05	0.000379209	0.0684689	0.997653	0.0210141	-0.115451
291.621	1.22077	-4.541	-1.14164e-05	0.000363025	0.059351	0.998237	0.0204506	-0.112793
291.821	1.23697	-4.54324	5.29795e-05	0.000345705	0.0523255	0.99863	0.0203807	-0.12975
292.021	1.23981	-4.54261	7.36676e-05	0.000306441	0.042526	0.999095	0.01706	-0.121405
292.221	1.24222	-4.54222	3.89178e-05	0.000353101	0.0339085	0.999425	0.0163236	-0.104669
292.421	1.23832	-4.52942	4.56464e-05	0.000358097	0.022726	0.999742	0.0163184	-0.110541
292.621	1.23999	-4.52903	3.8967e-05	0.000361948	0.0135043	0.999909	0.0154868	-0.125908
292.821	1.24111	-4.52897	5.19017e-05	0.000382507	0.00678053	0.999977	0.0134036	-0.115675
293.021	1.24887	-4.53502	-2.35898e-05	0.00037222	-0.000959059	0.999999	0.0126201	-0.116495
293.221	1.25068	-4.53492	-3.4675e-07	0.000366029	-0.00982925	0.999952	0.0129149	-0.111
293.421	1.23381	-4.52959	4.53993e-05	0.000390184	-0.0223484	0.99975	0.02345	-0.110072
293.621	1.23647	-4.52944	5.56144e-05	0.000378032	-0.0309209	0.999522	0.0215225	-0.109377
293.821	1.24095	-4.52952	5.45438e-05	0.000458592	-0.0393201	0.999227	0.024306	-0.105414
294.021	1.25118	-4.53167	6.43806e-05	0.00048006	-0.0468923	0.9989	0.0424996	-0.111803
294.221	1.25789	-4.53204	5.56113e-05	0.000460926	-0.0547266	0.998501	0.0379087	-0.101965
294.421	1.26609	-4.53255	4.14662e-05	0.000456395	-0.0623391	0.998055	0.0390846	-0.0999583
294.621	1.27272	-4.53112	7.29795e-05	0.000518819	-0.0694699	0.997584	0.0574707	-0.110338
294.821	1.28104	-4.5312	7.67654e-05	0.000516152	-0.0769195	0.997037	0.0555899	-0.113985
295.021	1.28978	-4.53211	4.48231e-05	0.000470879	-0.0843414	0.996437	0.0499746	-0.100536
295.221	1.30176	-4.53577	7.80506e-05	0.000488509	-0.0923604	0.995726	0.0469004	-0.107483
295.421	1.30783	-4.53673	9.55548e-05	0.000488635	-0.0980958	0.995177	0.044669	-0.102813
295.621	1.31553	-4.53791	8.12823e-05	0.000469458	-0.105822	0.994385	0.0464201	-0.103446
295.821	1.32546	-4.54271	3.31108e-05	0.000420184	-0.112957	0.9936	0.0450574	-0.100709
296.021	1.33337	-4.54417	5.5151e-05	0.000438163	-0.120645	0.992696	0.0511557	-0.115619
296.221	1.34115	-4.54571	0.000101941	0.000447389	-0.128534	0.991705	0.0458148	-0.100046
296.421	1.34812	-4.54605	8.95964e-05	0.000448178	-0.135697	0.99075	0.0519048	-0.106988
296.621	1.35596	-4.54775	0.000109946	0.000435468	-0.143345	0.989673	0.0491343	-0.111058
296.821	1.36379	-4.54961	2.99033e-05	0.000406155	-0.151132	0.988513	0.050072	-0.113413
297.021	1.37361	-4.54948	8.65965e-05	0.000417945	-0.158545	0.987352	0.0461357	-0.102761
297.221	1.38096	-4.55148	0.000125282	0.000445544	-0.166056	0.986116	0.0519324	-0.112636
297.421	1.38866	-4.55365	0.000120419	0.000430832	-0.173898	0.984764	0.0601354	-0.128857
297.621	1.38717	-4.55398	8.57555e-05	0.000408986	-0.184484	0.982835	0.0517127	-0.113299
297.821	1.38724	-4.5536	5.57636e-05	0.000176884	-0.196526	0.980499	0	-0.101799
298.021	1.38783	-4.55345	0.000111065	0.000194094	-0.205471	0.978663	0	-0.141699
298.221	1.39311	-4.56068	6.65222e-05	0.000251497	-0.216847	0.976206	0.00967802	-0.152438
298.421	1.39355	-4.5607	3.22531e-06	0.000148295	-0.228087	0.973641	0	-0.118479
298.622	1.39386	-4.56054	1.08101e-05	0.0001033	-0.239275	0.970952	0	-0.114721
298.821	1.39122	-4.55496	0.000105476	0.000167862	-0.250109	0.968218	0.00938183	-0.124998
299.021	1.39218	-4.55495	7.02435e-05	0.000220394	-0.260176	0.965561	0.00969032	-0.130611
299.221	1.39346	-4.55526	0.000107396	0.000184155	-0.269989	0.962863	0.00732109	-0.120841
299.421	1.38658	-4.5568	0.0001197	0.000189042	-0.280222	0.959935	0.00717302	-0.114644
299.621	1.38725	-4.55679	9.33477e-05	0.000171377	-0.289094	0.957301	0.00640188	-0.100651
299.821	1.38751	-4.55653	6.8387e-05	0.00015452	-0.298245	0.954489	0	-0.101712
300.021	1.39093	-4.55318	6.10179e-05	0.000168515	-0.307048	0.951694	0	-0.100735
300.221	1.39252	-4.55384	4.93947e-05	0.000232496	-0.316053	0.948741	0.0108589	-0.103776
300.421	1.39381	-4.55439	0.000139611	0.000222407	-0.325189	0.945649	0.0165008	-0.102118
300.621	1.39371	-4.5615	9.77376e-05	0.000166902	-0.330604	0.94377	0.00454594	-0.113265
300.821	1.39432	-4.5615	0.000115051	0.00014101	-0.339453	0.940623	0.00446745	-0.112164
301.021	1.39217	-4.56248	0.000120687	0.000127948	-0.347977	0.937503	0.00432007	-0.100261
301.221	1.39309	-4.56288	0.000107796	0.000150628	-0.356734	0.934206	0	-0.100041
301.421	1.39399	-4.56326	0.000130057	0.000204819	-0.365798	0.930694	0.00256568	-0.125027
301.621	1.3954	-4.56009	0.000122084	0.000149096	-0.375031	0.927012	0.00218759	-0.105328
301.821	1.39569	-4.55986	0.000123333	0.000133552	-0.383657	0.923475	0.00211327	-0.101233
302.021	1.39633	-4.56004	0.000127496	0.000140117	-0.39242	0.919786	0.00445477	-0.102957
302.221	1.39394	-4.56488	0.000125229	0.00013451	-0.399104	0.916906	0.00212995	-0.1017
302.421	1.39419	-4.56463	9.11392e-05	0.000156317	-0.407716	0.913109	0.00205153	-0.102772
302.621	1.3945	-4.56448	0.000115169	0.000205016	-0.416248	0.909251	0.00420247	-0.114273
302.821	1.38287	-4.56095	7.92085e-05	0.0002255	-0.427624	0.903957	0.00217471	-0.102348
303.021	1.38358	-4.56148	9.88008e-05	0.000224579	-0.434624	0.900612	0	-0.11432
303.221	1.38366	-4.56098	0.000104295	0.000138672	-0.444202	0.895927	0	-0.117619
303.421	1.40999	-4.56242	0.000128026	0.000125901	-0.452318	0.891857	0.00203497	-0.108443
303.621	1.41035	-4.56237	0.000130522	0.000108477	-0.460464	0.887678	0.00857935	-0.109899
303.821	1.40873	-4.55827	0.000129714	0.00013688	-0.471394	0.881923	0.00930956	-0.101636
304.021	1.40905	-4.55803	0.000117238	0.000133187	-0.48025	0.877131	0	-0.109302
304.221	1.40925	-4.55762	8.60581e-05	0.0001323	-0.4889	0.87234	0	-0.104274
304.421	1.40821	-4.55714	0.000119593	0.000131836	-0.49686	0.867831	0	-0.115623
304.621	1.40734	-4.55666	8.71357e-05	0.000204806	-0.505781	0.862662	0	-0.109875
304.821	1.40738	-4.55631	7.10043e-05	0.000201683	-0.51413	0.857712	0	-0.101114
305.021	1.41173	-4.55274	0.000137115	0.000132326	-0.522322	0.852748	0.00620359	-0.112168
305.221	1.41217	-4.55283	0.000126276	0.000113841	-0.530407	0.847743	0	-0.126284
305.421	1.4126	-4.55283	0.000139292	0.000114032	-0.53899	0.842312	0	-0.118708
305.621	1.41959	-4.55256	0.000128996	0.000135521	-0.544786	0.838575	0	-0.109709
305.821	1.41983	-4.55219	0.000125493	8.39654e-05	-0.552565	0.83347	0	-0.111502
306.021	1.42002	-4.55172	0.00013649	0.000101013	-0.56092	0.82787	0	-0.130115
306.221	1.41185	-4.55338	0.000138674	0.000112178	-0.571183	0.820823	0	-0.115134
306.421	1.4121	-4.55296	0.000149352	0.000109709	-0.579116	0.815245	0	-0.101521
306.621	1.4123	-4.55261	0.000145683	0.000100534	-0.587409	0.80929	0	-0.130204
306.821	1.4113	-4.55535	0.000149001	0.000116685	-0.594992	0.803732	0	-0.124372
307.021	1.41161	-4.555	0.000103101	6.15391e-05	-0.603233	0.797565	0	-0.108919
307.221	1.41182	-4.55477	2.7515e-06	6.55201e-05	-0.610646	0.791904	0	-0.110048
307.421	1.41841	-4.55374	0.000118053	6.84858e-05	-0.619089	0.785321	0	-0.129963
307.621	1.41863	-4.55333	8.34424e-05	0.000121031	-0.627704	0.778452	0	-0.118823
307.821	1.41878	-4.55296	0.000159967	9.27047e-05	-0.635697	0.771939	0	-0.106939
308.021	1.41149	-4.55237	0.000155019	0.000122942	-0.64364	0.765328	0	-0.129692
308.221	1.41162	-4.55212	0.000132043	6.81397e-05	-0.649249	0.760576	0	-0.0999874
308.421	1.41188	-4.55183	0.000158315	9.47352e-05	-0.656853	0.754019	0	-0.117313
308.621	1.41123	-4.55398	0.000152956	9.85085e-05	-0.663759	0.747946	0	-0.100976
308.821	1.41157	-4.55371	0.000140794	0.000117479	-0.670793	0.741645	0	-0.102014
309.021	1.41355	-4.55076	6.93625e-05	8.21013e-05	-0.678836	0.73429	0.00212369	-0.109251
309.221	1.41386	-4.5508	0.000147671	0.000112729	-0.685694	0.727889	0.00422096	-0.114671
309.421	1.41419	-4.55095	0.000169423	0.00020329	-0.692518	0.721401	0.00633887	-0.113549
309.621	1.41849	-4.5507	0.000149399	0.00012611	-0.699171	0.714955	0.00687092	-0.113496
309.821	1.41894	-4.55154	0.000182789	9.16389e-05	-0.705661	0.708549	0.00480295	-0.100789
310.021	1.41935	-4.55268	0.000206284	0.000135745	-0.712081	0.702098	0.00948606	-0.110569
310.221	1.41396	-4.55792	0.000201755	0.000138558	-0.717747	0.696304	0.00957492	-0.108678
310.421	1.41414	-4.5594	0.000215111	0.000150764	-0.723956	0.689846	0.00992429	-0.106182
310.621	1.4143	-4.56107	0.000226166	0.000156107	-0.730182	0.683253	0.012838	-0.112348
310.821	1.41438	-4.55962	0.000238947	0.000115128	-0.73463	0.678468	0.0103643	-0.101399
311.021	1.41442	-4.56128	0.000248499	0.000142976	-0.740527	0.672026	0.0126908	-0.109428
311.221	1.41452	-4.5631	0.000262134	0.000161656	-0.746518	0.665365	0.0128719	-0.112016
311.421	1.41011	-4.56631	0.000251664	0.000153818	-0.752891	0.658145	0.0154567	-0.129416
311.621	1.41026	-4.56839	0.000192341	0.000177255	-0.759321	0.650716	0.0133055	-0.107018
311.821	1.41037	-4.57038	0.000270726	0.000198688	-0.765301	0.643672	0.0130229	-0.103047
312.021	1.4137	-4.57148	0.000194897	0.000179572	-0.771237	0.636548	0.0131922	-0.105546
312.221	1.41366	-4.57345	0.000241956	0.000134152	-0.777053	0.629435	0.013008	-0.111333
312.422	1.40529	-4.5759	0.000293477	0.000168645	-0.78177	0.623567	0.0129207	-0.108587
312.621	1.40518	-4.57782	0.000237988	0.000134514	-0.787274	0.616603	0.0129979	-0.111567
312.821	1.40513	-4.57977	0.000276151	0.000171199	-0.792795	0.609488	0.0130619	-0.100441
313.021	1.41138	-4.58126	0.000252963	0.000218711	-0.798061	0.602576	0.0129135	-0.10455
313.222	1.41178	-4.58316	0.000225182	0.000239761	-0.803534	0.595258	0.0132562	-0.10718
313.421	1.41172	-4.58452	0.0002957	0.000154754	-0.807493	0.589877	0.0128701	-0.11135
313.621	1.41424	-4.58546	0.000303971	0.000152615	-0.813689	0.581301	0.0133851	-0.108982
313.822	1.41373	-4.58743	0.000303911	0.000142127	-0.818505	0.5745	0.0133118	-0.10319
314.021	1.41329	-4.58958	0.000313001	0.000152373	-0.823789	0.566897	0.0161432	-0.119276
314.221	1.40842	-4.59461	0.000325053	0.000190041	-0.828415	0.560114	0.0162372	-0.12677
314.422	1.40824	-4.59574	0.00011714	3.88322e-05	-0.836071	0.548621	0	-0.282477
314.621	1.40943	-4.59507	-0.000295819	-0.000220132	-0.855956	0.517049	0	-0.550492
314.821	1.41287	-4.59239	0.000474449	0.000217591	0.879506	-0.475887	0	-0.60267
315.021	1.41513	-4.59085	0.000406044	0.000124563	0.900303	-0.435263	0	-0.566812
315.221	1.41605	-4.59107	0.000410487	0.000162285	0.918666	-0.395034	0	-0.53589
315.421	1.41252	-4.59341	0.000361652	0.000180283	0.93476	-0.355279	0	-0.515718
315.621	1.41379	-4.59401	0.000337492	9.84035e-05	0.948723	-0.316107	0	-0.489064
315.821	1.41497	-4.59461	0.000359425	0.000138058	0.957816	-0.287382	0	-0.471921
316.021	1.42022	-4.5964	0.000311927	0.000109621	0.968208	-0.250145	0	0
324.321	1.42778	-4.59909	-0.000682607	-0.00030819	0.979558	-0.201162	0	0.782762
324.521	1.42088	-4.59877	-0.000659731	-0.000328836	0.966798	-0.255542	0.0390502	0.675977
324.721	1.41074	-4.60076	-0.000643819	-0.000382436	0.952504	-0.304525	0.0438827	0.647252
324.921	1.39888	-4.60453	-0.000499309	-0.000394184	0.936013	-0.351965	0.0447092	0.611151
325.121	1.38967	-4.60796	-0.00059632	-0.000378326	0.917836	-0.396959	0	0.615739
325.321	1.38752	-4.60691	-0.000526349	-0.000350302	0.898973	-0.438004	0	0.574032
325.521	1.38793	-4.60341	-0.000395715	-0.000352495	0.880245	-0.474519	0	0.552715
325.721	1.38625	-4.60309	0.000504901	0.00042582	-0.859823	0.510592	0.00222953	0.546892
325.921	1.38121	-4.60562	0.000352811	0.000329674	-0.837944	0.545756	0.00238215	0.533905
326.121	1.37885	-4.60559	0.000409859	0.000449899	-0.820004	0.572357	0.00232921	0.56536
326.321	1.37462	-4.6055	0.000462334	0.000480226	-0.793925	0.608015	0.00472052	0.581727
326.521	1.36942	-4.60563	0.000369924	0.000433093	-0.76653	0.642208	0	0.567735
326.721	1.36632	-4.60631	0.000388138	0.000519121	-0.738361	0.674405	0.00247813	0.568121
326.921	1.36458	-4.60671	0.00036488	0.000516553	-0.71011	0.704091	0	0.55346
327.121	1.36344	-4.60733	0.000317036	0.000555041	-0.682261	0.731108	0	0.53085
327.321	1.35916	-4.60819	0.000321991	0.000580134	-0.653719	0.756737	0	0.527166
327.522	1.35627	-4.60912	0.000367044	0.000607522	-0.625848	0.779944	0.00215714	0.499293
327.721	1.3549	-4.61023	0.000279354	0.000667901	-0.596605	0.802535	0.00228918	0.513885
327.921	1.35347	-4.61171	0.000299213	0.000715294	-0.566682	0.823936	0.00475992	0.509257
328.121	1.34817	-4.61524	0.000277587	0.000761062	-0.534531	0.845148	0	0.507378
328.321	1.34622	-4.61699	0.000234745	0.000777004	-0.502185	0.86476	0	0.520629
328.521	1.34541	-4.61855	0.000164635	0.000690301	-0.476753	0.879037	0.00482918	0.514998
328.721	1.34153	-4.62125	0.000163585	0.000767322	-0.442427	0.896804	0	0.523776
328.921	1.34085	-4.62311	0.000158625	0.000684571	-0.406156	0.913804	0.00486674	0.525145
329.121	1.3426	-4.62736	7.11999e-05	0.000736988	-0.368078	0.929795	0.0276798	0.558563
329.321	1.34773	-4.6348	9.39848e-05	0.000719682	-0.326649	0.945145	0.0850539	0.594457
329.522	1.36145	-4.64662	7.74427e-05	0.000420834	-0.280824	0.959759	0.119305	0.627746
329.721	1.38639	-4.66286	8.6467e-05	0.000273443	-0.233432	0.972373	0.131005	0.628721
329.921	1.42035	-4.68187	4.12198e-05	-0.000128138	-0.187047	0.982351	0.154995	0.581219
330.121	1.44965	-4.6921	4.53821e-05	8.52417e-05	-0.144611	0.989489	0.156711	0.572602
330.321	1.47574	-4.69845	2.90102e-05	5.9944e-05	-0.104828	0.99449	0.158984	0.558119
330.521	1.50648	-4.70483	5.96194e-05	-2.90322e-05	-0.0641341	0.997941	0.156254	0.54697
330.721	1.53636	-4.7088	4.39192e-05	-7.99775e-05	-0.0252638	0.999681	0.150025	0.514259
330.921	1.58007	-4.71155	6.54284e-05	-0.00016951	0.0146546	0.999893	0.14354	0.511068
331.121	1.60139	-4.7118	9.33918e-05	-0.000206495	0.0431848	0.999067	0.140947	0.504941
331.321	1.63116	-4.71079	8.17237e-05	-0.000252447	0.0814433	0.996678	0.14932	0.497609
331.521	1.64324	-4.70458	8.41701e-05	-0.000127727	0.107513	0.994204	0.139141	0.468701
331.721	1.65773	-4.70302	-0.000167497	0.000447837	0.134667	0.990891	0.130447	0.463989
331.921	1.67717	-4.69899	-4.82461e-05	0.000196512	0.168022	0.985783	0.130468	0.453732
332.121	1.70144	-4.69179	3.64646e-05	7.08242e-05	0.201422	0.979504	0.127646	0.429372
332.321	1.72887	-4.68608	8.74427e-05	-3.87287e-05	0.235973	0.97176	0.142305	0.424816
332.521	1.75708	-4.68069	-0.000103759	0.000225945	0.269186	0.963088	0.110609	0.383253
332.721	1.77884	-4.67416	-0.000358586	0.000602696	0.29909	0.954225	0.0980198	0.354481
332.921	1.79486	-4.66567	-0.000380608	0.000536954	0.325639	0.945494	0.0900373	0.319757
333.121	1.80842	-4.67372	-0.000397056	0.00063162	0.350239	0.93666	0.0851365	0.306885
333.321	1.81994	-4.66839	-0.00042999	0.000653403	0.37235	0.928092	0.0776726	0.284127
333.521	1.83049	-4.65897	-0.000436819	0.000639982	0.392956	0.919557	0.0765031	0.277736
333.721	1.8376	-4.6521	-0.000432711	0.000589814	0.407457	0.913224	0.0697494	0.260706
333.921	1.8493	-4.67318	-0.000437949	0.000557738	0.426778	0.904356	0.0695344	0.250583
334.121	1.85715	-4.66429	-0.000454711	0.000566618	0.444334	0.895861	0.0640935	0.244848
334.321	1.86409	-4.64214	-0.0004669	0.000587963	0.460273	0.887777	0.0595714	0.228432
334.521	1.87027	-4.59893	-0.00046356	0.0005483	0.474726	0.880133	0.0596879	0.211725
334.721	1.87603	-4.5911	-0.00046533	0.000505417	0.48883	0.872379	0.0534903	0.193583
334.921	1.88012	-4.58377	-0.000518517	0.000547651	0.502301	0.864692	0.0486065	0.204305
335.121	1.88378	-4.57696	-0.000533366	0.000535139	0.515423	0.856935	0.0456634	0.185395
335.321	1.88787	-4.57042	-0.000508015	0.000480647	0.52737	0.849635	0.0449284	0.174828
335.521	1.89064	-4.56447	-0.000538178	0.000472457	0.538556	0.84259	0.0397093	0.168879
335.721	1.89374	-4.55866	-0.000464908	0.00034977	0.549125	0.83574	0.0416729	0.163318
335.921	1.89671	-4.55335	-0.000564004	0.000497078	0.559029	0.829148	0.0362082	0.151199
336.121	1.90476	-4.54471	-0.000526046	0.000411626	0.569343	0.8221	0.0359654	0.14244
336.322	1.90653	-4.54109	-0.00047698	0.000344394	0.575635	0.817706	0.03449	0.138999
336.521	1.90871	-4.53654	-0.000536646	0.0004232	0.583755	0.81193	0.0305281	0.146942
336.721	1.90706	-4.53566	-0.000568434	0.000432483	0.590903	0.806742	0.0296709	0.122095
336.921	1.90896	-4.53142	-0.00057188	0.000435862	0.598064	0.801448	0.0296972	0.112187
337.122	1.91067	-4.52753	-0.0005761	0.000430138	0.604447	0.796645	0.0281927	0.119809
337.321	1.91063	-4.52465	-0.000592627	0.000440267	0.610991	0.791638	0.0243929	0.115239
337.521	1.91214	-4.52142	-0.000593091	0.000422547	0.617153	0.786843	0.0240745	0.115543
337.721	1.91357	-4.51832	-0.000582294	0.000405937	0.62325	0.782022	0.0235465	0.11462
337.921	1.91203	-4.51489	-0.00051149	0.000371935	0.628361	0.777921	0.025634	0.11344
338.122	1.91227	-4.51185	-0.000475515	0.000360459	0.634273	0.773109	0.0201415	0.110847
338.321	1.91407	-4.50863	-0.000401919	0.000269841	0.640203	0.768205	0.0371702	0.112834
338.522	1.92527	-4.51052	-0.000416974	0.000223712	0.648482	0.76123	0.0170668	0.116128
338.721	1.92645	-4.50992	-0.000294005	0.000233281	0.6532	0.757185	0	0.102503
338.921	1.92713	-4.50888	-0.000137836	0.000113917	0.659151	0.752011	0.0165454	0.106249
339.121	1.92359	-4.49832	-0.000338089	0.000173147	0.665323	0.746556	0.0132495	0.114417
339.322	1.92474	-4.49447	-0.000515728	0.000295943	0.674952	0.737862	0.0300656	0.220139
339.521	1.92606	-4.48958	-0.000527315	0.000309227	0.686154	0.727456	0.0270813	0.240416
339.721	1.9286	-4.48511	-0.000475153	0.000293181	0.69713	0.716945	0.0254875	0.193083
339.921	1.93144	-4.48102	-0.000485855	0.000341446	0.70721	0.707003	0.0242706	0.175407
340.122	1.93371	-4.47756	-0.000498544	0.000335005	0.719609	0.694379	0.0207692	0.235547
340.321	1.93192	-4.47384	-0.000458675	0.000309268	0.729515	0.683964	0.0205212	0.167493
340.521	1.93155	-4.47043	-0.000509412	0.000308838	0.738165	0.67462	0.0202002	0.180225
340.721	1.93281	-4.46724	-0.000458474	0.000226989	0.745502	0.666503	0.0202187	0.146313
340.921	1.93687	-4.46865	-0.000343344	0.000140023	0.755761	0.654847	0.0167982	0.174545
341.121	1.93874	-4.46668	-0.000411229	0.00014057	0.763863	0.645378	0.0162014	0.161219
341.321	1.93975	-4.46478	-0.00035841	0.000200151	0.768557	0.639781	0.0161712	0.135283
341.521	1.93912	-4.46237	-0.000478828	0.000182881	0.777336	0.629086	0.0130753	0.206329
341.721	1.94068	-4.46023	-0.000501947	0.000215668	0.785532	0.61882	0.0127726	0.167483
341.921	1.94202	-4.45808	-0.000342748	0.000156992	0.792705	0.609605	0.012857	0.146019
342.121	1.94168	-4.45571	-0.000194528	6.04996e-05	0.798444	0.60207	0.0128178	0.112624
342.321	1.94246	-4.45372	-9.27047e-05	5.93566e-05	0.803183	0.595733	0.0127289	0.100738
342.521	1.94351	-4.45202	-0.000337743	8.493e-05	0.81068	0.58549	0.00964353	0.179292
342.721	1.94388	-4.45218	-0.000379477	3.43059e-05	0.816124	0.577877	0.00959485	0.141685
342.921	1.94457	-4.45047	-7.01331e-05	6.32437e-05	0.821412	0.570336	0.00989216	0.136571
343.121	1.94397	-4.44838	-4.23707e-05	3.90247e-05	0.826848	0.562426	0.0100953	0.135517
343.321	1.94366	-4.44659	-2.26718e-05	4.38665e-05	0.831475	0.555562	0.0100753	0.10786
343.521	1.94375	-4.44531	-0.000273829	7.8164e-05	0.837811	0.545961	0	0.269618
343.721	1.94824	-4.44497	-0.000669012	8.28135e-05	0.848823	0.528676	0	0.255591
343.921	1.94952	-4.4439	-0.000573229	0.000166265	0.856194	0.516654	0.00671289	0.268316
344.121	1.9512	-4.44172	-0.000593203	0.000166526	0.865772	0.500438	0	0.253186
344.321	1.94981	-4.44246	-0.000377514	3.8229e-05	0.87442	0.48517	0.0260006	0.264819
344.521	1.95046	-4.43729	-0.000505973	7.61628e-05	0.883029	0.469319	0.0184057	0.257732
344.721	1.95165	-4.43396	-0.000527277	9.43867e-05	0.890753	0.454486	0	0.216168
344.921	1.95483	-4.43471	-0.000261421	6.2352e-05	0.896873	0.442289	0	0.201353
345.121	1.95665	-4.43381	-0.000126788	2.01264e-05	0.903315	0.428977	0	0.197047
345.321	1.95817	-4.43291	-5.69166e-05	8.54089e-06	0.909385	0.415955	0	0.191601
345.521	1.96013	-4.42708	-0.000104962	-2.24387e-06	0.915635	0.40201	0	0.170529
345.721	1.96107	-4.42621	0.000101473	1.37064e-05	0.920716	0.390234	0	0.165214
345.921	1.96146	-4.42556	9.81732e-05	4.71409e-06	0.92563	0.378431	0	0.161801
346.121	1.96395	-4.42753	0.000123794	-8.02597e-06	0.930158	0.367161	0	0.141285
346.321	1.96426	-4.42697	0.000173542	-1.7343e-05	0.934248	0.356624	0	0.133469
346.521	1.96439	-4.42656	0.000125415	-1.64214e-05	0.937204	0.348782	0	0.132852
346.721	1.9663	-4.42419	0.000138524	-1.32453e-05	0.941245	0.337724	0	0.128144
346.921	1.9667	-4.42345	0.000141053	-7.93387e-06	0.944549	0.328371	0.00429154	0.1218
347.121	1.96627	-4.42271	0.000140213	-8.5295e-06	0.94766	0.319281	0	0.11642
347.321	1.96326	-4.41967	0.000186081	-3.62275e-05	0.950262	0.311452	0	0.106079
347.522	1.96326	-4.41939	0.000181727	-2.64184e-05	0.953079	0.302723	0	0.100167
347.721	1.96327	-4.41922	0.00010067	-4.69115e-05	0.95573	0.294246	0	0.109683
347.921	1.96418	-4.42112	0.000118575	-5.07629e-05	0.957681	0.287832	0	0.101194
348.121	1.96325	-4.42015	4.49246e-05	1.52622e-05	0.960219	0.279248	0.0203292	0.113806
348.321	1.96071	-4.41834	4.05892e-05	-6.01723e-05	0.962789	0.270253	0.00761786	0.101441
348.521	1.95946	-4.41705	-5.00722e-05	-2.9406e-06	0.964965	0.262379	0.0193461	0.101942
348.721	1.95966	-4.41675	0.000148895	-1.01557e-05	0.967055	0.254566	0	0.104905
348.921	1.95971	-4.41649	0.000144481	1.21675e-07	0.968661	0.248386	0	0.105691
349.121	1.96117	-4.41647	0.00012734	-3.24676e-06	0.970367	0.241637	0.00855239	0.1065
349.321	1.96065	-4.41547	0.000124565	-2.54107e-05	0.972281	0.233815	0.00879694	0.101857
349.521	1.96044	-4.41829	0.000162684	-3.8619e-05	0.974334	0.225106	0	0.104728
