time	x	y	orientation_x	orientation_y	orientation_z	orientation_w	linear_vel	angular_vel	controller_flag
298.564	-0.0116595	-5.98192	0.000416653	-0.00030235	0.724744	0.689018	0.283559	1.5	1
298.764	-0.0209741	-5.91766	0.000665894	-0.000268003	0.796603	0.604502	0.329051	1.5	1
298.964	-0.0506619	-5.84173	0.00115094	-0.000601359	0.858816	0.512283	0.458539	1.5	1
299.164	-0.189939	-5.73561	0.00312644	-0.00151971	0.909532	0.41562	0.688722	1.5	1
299.364	-0.315558	-5.6294	0.00664242	-0.0020852	0.951557	0.307394	0.8	1.5	1
299.564	-0.40238	-5.57631	0.00951435	-0.00201832	0.973659	0.2278	0.8	1.5	1
299.764	-0.49604	-5.49549	0.0134497	-0.00407097	0.959128	0.282625	0.8	-1.5	1
299.965	-0.666175	-5.40792	0.017321	-0.00386433	0.973439	0.228259	0.8	1.5	1
300.164	-0.814993	-5.34935	0.0213019	-0.00440547	0.981389	0.190796	0.8	-1.5	1
300.364	-0.929292	-5.28125	0.0248299	-0.00812221	0.952077	0.30474	0.8	-1.5	1
300.564	-1.0565	-5.19	0.0289423	-0.00680295	0.97161	0.234711	0.8	1.5	1
300.764	-1.20343	-5.13259	0.032991	-0.00763767	0.97506	0.219344	0.8	-1.5	1
300.964	-1.33964	-5.05341	0.0366902	-0.00926723	0.967388	0.250455	0.8	1.5	1
301.164	-1.48535	-4.98499	0.0409203	-0.00963391	0.973501	0.224786	0.8	-1.5	1
301.364	-1.61875	-4.90338	0.0443559	-0.0113587	0.966424	0.25284	0.8	1.5	1
301.564	-1.68552	-4.89259	0.0441633	-0.0127235	0.960678	0.273835	0.338217	-0.71501	2
301.764	-1.73956	-4.85664	0.0431012	-0.0157545	0.940002	0.338069	0.353362	-1.07788	2
301.964	-1.77623	-4.82385	0.0418708	-0.01888	0.912614	0.406234	0.379604	-0.732557	2
302.164	-1.82995	-4.72226	0.0407825	-0.0218728	0.883555	0.466036	0.460224	-1.02594	2
302.364	-1.87634	-4.65248	0.0396157	-0.0256295	0.843529	0.535007	0.47825	-1.05418	2
302.564	-1.90805	-4.5742	0.0387511	-0.0281448	0.811512	0.58237	0.289073	0.0140386	2
302.764	-1.93138	-4.49197	0.037931	-0.0307265	0.784491	0.618215	0	0.8	3
302.964	-1.93451	-4.47506	0.0375884	-0.0262896	0.810553	0.583867	0.416395	-0.535122	2
303.164	-2.00389	-4.46112	0.0373555	-0.0236055	0.841623	0.538255	0	0.8	3
303.364	-2.01049	-4.44627	0.0361822	-0.0203928	0.866177	0.498008	0.143284	0.517611	2
303.564	-2.01753	-4.43342	0.0348387	-0.0172562	0.891172	0.451997	0	0.8	3
303.764	-1.96083	-4.48922	0.0323519	-0.0140126	0.904998	0.423952	0	0.8	3
303.964	-1.97467	-4.4723	0.0309351	-0.0125038	0.926334	0.375222	0.109093	0.696013	2
304.164	-1.96908	-4.45465	0.0285578	-0.0091873	0.950726	0.308579	0	0.8	3
304.364	-1.96991	-4.45222	0.0257037	-0.00658085	0.968259	0.248539	0	0.8	3
304.565	-1.98912	-4.43668	0.0238422	-0.00507133	0.977831	0.207974	0.195646	0.574809	2
304.764	-2.02883	-4.42052	0.0225215	-0.00385179	0.98528	0.169412	0.229013	0.530815	2
304.964	-2.06931	-4.39373	0.0213983	-0.00293546	0.990229	0.137766	0.2418	0.526911	2
305.164	-2.11667	-4.38218	0.0203373	-0.002104	0.994213	0.10546	0.236489	0.469154	2
305.364	-2.16122	-4.37431	0.0191327	-0.00144354	0.996753	0.0781985	0.209788	0.384588	2
305.564	-2.20878	-4.36786	0.0177277	-0.000796784	0.99866	0.0486205	0.196958	0.417151	2
305.764	-2.24879	-4.36539	0.0163393	-0.000355808	0.999555	0.0249375	0.199269	0.354641	2
305.964	-2.28904	-4.3646	0.0150157	-8.93083e-05	0.999864	0.006764	0.199644	0.23262	2
306.164	-2.32984	-4.36405	0.013689	2.69184e-05	0.9999	-0.0035491	0.198656	0.181681	2
306.364	-2.36948	-4.36476	0.0123861	8.64248e-05	0.999858	-0.0113975	0.198947	0.116345	2
306.564	-2.41152	-4.36648	0.0111853	0.000268387	0.999601	-0.02594	0.214381	0.216694	2
306.764	-2.45502	-4.39262	0.0100434	0.000419596	0.998837	-0.0471575	0.214504	0.179405	2
306.964	-2.49798	-4.39706	0.00892481	0.000402861	0.99834	-0.0569039	0.218943	0.0964784	2
307.164	-2.53028	-4.40074	0.00814176	0.000366582	0.998061	-0.0617091	0.220308	0.0173953	2
307.364	-2.57153	-4.40758	0.00705069	0.000313828	0.99806	-0.0618637	0.22072	0.013097	2
307.564	-2.61489	-4.41259	0.005951	0.000279881	0.99791	-0.0643491	0.221225	-0.00268073	2
307.764	-2.65844	-4.41761	0.00489835	0.000194953	0.997994	-0.0631219	0.223089	-0.0669988	2
307.964	-2.705	-4.39948	0.00390303	1.44208e-05	0.998702	-0.0507844	0.229397	-0.467129	2
308.164	-2.74878	-4.4021	0.0029469	-0.000123058	0.999756	-0.0219111	0.224545	-0.43343	2
308.364	-2.7917	-4.40236	0.00198102	-0.00016872	0.999986	0.00485249	0.220844	-0.399469	2
308.564	-2.83313	-4.39878	0.000992512	-0.000155698	0.999596	0.0283964	0.217406	-0.354335	2
308.764	-2.87459	-4.39542	0.000373737	2.12813e-05	0.998727	0.0504403	0.215336	-0.309991	2
308.964	-2.91538	-4.39097	0.000327843	-7.61085e-05	0.997444	0.0714512	0.214727	-0.289023	2
309.164	-2.95449	-4.3792	0.0003666	2.17743e-05	0.99572	0.0924251	0.214061	-0.228767	2
309.364	-2.99461	-4.37208	0.000326975	2.47157e-05	0.993755	0.111582	0.2142	-0.202765	2
309.564	-3.03455	-4.36372	0.000324944	-1.4613e-05	0.991684	0.128693	0.214573	-0.176129	2
309.764	-3.06636	-4.35302	0.000318054	-1.24963e-05	0.990244	0.139347	0.215315	-0.143925	2
309.964	-3.10581	-4.34265	0.000292437	-3.20922e-06	0.987748	0.156054	0.21408	-0.220389	2
310.164	-3.14452	-4.3307	0.000267864	-5.97666e-05	0.983661	0.180029	0.21692	-0.345857	2
310.364	-3.18136	-4.36277	0.000325564	3.76316e-06	0.978475	0.206366	0.215938	-0.325665	2
310.564	-3.21862	-4.34661	0.000306205	-5.60338e-05	0.971855	0.235579	0.218457	-0.370378	2
310.764	-3.25478	-4.32815	0.000271334	-7.17799e-05	0.965216	0.261454	0.215412	-0.140479	2
310.964	-3.28919	-4.2984	0.000312443	-3.14071e-05	0.959909	0.280311	0.214278	-0.195551	2
311.164	-3.32326	-4.27708	0.000281009	-1.76475e-05	0.954257	0.298987	0.214358	-0.270227	2
311.364	-3.35622	-4.2543	0.000276322	-9.62875e-05	0.947342	0.320222	0.214134	-0.210554	2
311.564	-3.38895	-4.22386	0.000291344	-0.000111	0.939059	0.343755	0.215346	-0.310303	2
311.765	-3.41947	-4.19784	0.000276019	-6.68869e-05	0.929547	0.368702	0.215973	-0.326474	2
311.964	-3.45051	-4.16721	0.000295485	-0.00012418	0.908945	0.416916	0.235472	-0.632362	2
312.164	-3.46108	-4.15726	0.00029342	-0.00016471	0.901983	0.431771	0.231367	-0.266434	2
312.364	-3.48785	-4.12289	0.000268696	-0.000123229	0.894042	0.447983	0.23028	-0.209364	2
312.564	-3.51321	-4.08779	0.000283625	-8.86101e-05	0.885882	0.463911	0.229073	-0.303758	2
312.764	-3.54646	-4.0231	0.00029924	-0.000107565	0.875272	0.483632	0.229194	-0.261803	2
312.964	-3.56865	-3.98604	0.000267868	-9.76846e-05	0.867508	0.497422	0.228404	-0.268467	2
313.165	-3.58954	-3.94834	0.000322803	-0.000132582	0.858872	0.51219	0.227991	-0.291637	2
313.364	-3.616	-3.90902	0.000271926	-0.000117343	0.847593	0.530647	0.227597	-0.260268	2
313.564	-3.63378	-3.86975	0.000322657	-0.000135744	0.840492	0.541823	0.226883	-0.215346	2
313.764	-3.65045	-3.83	0.000285876	-0.000135326	0.832824	0.553538	0.227093	-0.23424	2
313.964	-3.67225	-3.79841	0.000316956	-0.000158628	0.824879	0.565309	0.226764	-0.21991	2
314.164	-3.68658	-3.75764	0.000261499	-0.000199044	0.816846	0.576856	0.227226	-0.243508	2
314.364	-3.69979	-3.71651	0.000230122	-0.000185828	0.809959	0.586486	0.22793	-0.286067	2
314.564	-3.70039	-3.67527	0.000289781	-0.000177907	0.804771	0.593585	0.225123	-0.141868	2
314.764	-3.70903	-3.64396	0.000303985	-0.000171696	0.79993	0.600093	0.227164	-0.243172	2
314.964	-3.71966	-3.60191	0.000262516	-0.000220009	0.791967	0.610563	0.225922	-0.177769	2
315.164	-3.72212	-3.58214	0.0002794	-0.000232532	0.78848	0.61506	0.225292	-0.149465	2
315.364	-3.73121	-3.53972	0.000256925	-0.000182482	0.783736	0.621094	0.224932	-0.131943	2
315.564	-3.73969	-3.49711	0.000310232	-0.000195973	0.778319	0.627869	0.226921	-0.202208	2
315.765	-3.75265	-3.43058	0.000233568	-0.000210162	0.768977	0.639276	0.226102	-0.181636	2
315.964	-3.75903	-3.38751	0.000261872	-0.000240533	0.763257	0.646095	0.225487	-0.1576	2
316.164	-3.76477	-3.34442	0.000258478	-0.000189662	0.759215	0.65084	0.225083	-0.135683	2
316.364	-3.76964	-3.29852	0.000278468	-0.000175155	0.755917	0.654667	0.227233	-0.229946	2
316.564	-3.7745	-3.25521	0.000196129	-0.000190714	0.750539	0.660826	0.225179	-0.143548	2
316.764	-3.77571	-3.21921	0.000275099	-0.000190713	0.749457	0.662053	0.223835	-0.0926221	2
316.964	-3.77671	-3.18363	0.000285459	-0.000192875	0.745347	0.666677	0.22549	-0.143951	2
317.165	-3.78029	-3.1419	0.000285997	-0.000195602	0.732204	0.681085	0.211636	-0.60444	2
317.364	-3.78148	-3.11198	0.000265918	-0.000228785	0.717641	0.696413	0.209354	-0.323757	2
317.564	-3.78248	-3.05869	0.000266685	-0.000251774	0.704452	0.709751	0.205869	-0.15341	2
317.764	-3.78207	-3.01911	0.000280294	-0.000196262	0.699098	0.715026	0.205565	-0.0875419	2
317.964	-3.78128	-2.97956	0.000304544	-0.000235527	0.696666	0.717396	0.206141	-0.0681492	2
318.164	-3.78295	-2.93302	0.000287067	-0.000231239	0.692602	0.72132	0.203848	0.00928922	2
318.364	-3.78164	-2.89332	0.000237316	-0.000183371	0.69316	0.720784	0.204446	0.0121645	2
318.564	-3.78033	-2.85356	0.000272303	-0.00020789	0.693233	0.720714	0.205928	0.0356197	2
318.764	-3.77827	-2.82486	0.000238595	-0.000214635	0.695063	0.718949	0.204367	0.00971611	2
318.964	-3.77728	-2.78512	0.000250879	-0.000191349	0.69745	0.716633	0.203504	0.0812271	2
319.164	-3.77674	-2.74724	0.000244357	-0.000208508	0.697496	0.716588	0.203833	-0.00331477	2
319.364	-3.77617	-2.70975	0.000273762	-0.00019465	0.696336	0.717716	0.203827	0.0117155	2
319.564	-3.77541	-2.67027	0.000265378	-0.000227969	0.698327	0.715779	0.202493	0.0537727	2
319.764	-3.77486	-2.62799	0.000226142	-0.000201647	0.699505	0.714627	0.201923	0.0663747	2
319.964	-3.77447	-2.59689	0.000269479	-0.000196503	0.699498	0.714634	0.205406	-0.0506791	2
320.165	-3.77382	-2.55718	0.000224079	-0.000168335	0.698252	0.715852	0.204514	0.00602917	2
320.364	-3.77313	-2.51746	0.000259806	-0.000191828	0.698124	0.715976	0.203715	-0.0133473	2
320.564	-3.76089	-2.50062	0.000260516	-0.000188123	0.705641	0.70857	0.203051	0.0368409	2
320.764	-3.76098	-2.46101	0.000263436	-0.000181231	0.706745	0.707468	0.203911	0.0154939	2
320.964	-3.76136	-2.42147	0.00020752	-0.000159014	0.707108	0.707106	0.205178	0.0265797	2
321.164	-3.76102	-2.37986	0.00024742	-0.000181235	0.709506	0.704699	0.203833	0.0324378	2
321.365	-3.76156	-2.34031	0.000259464	-0.000155475	0.709694	0.70451	0.20284	0.0193295	2
321.564	-3.76202	-2.30079	0.000117932	-0.000146935	0.709991	0.70421	0.204017	-0.0187176	2
321.764	-3.75826	-2.26398	0.00025985	-0.000188179	0.714593	0.699541	0.203013	0.0171542	2
321.964	-3.75917	-2.22444	0.000245888	-0.000180703	0.715435	0.69868	0.202979	0.0156613	2
322.164	-3.75968	-2.18406	0.000256324	-0.000172992	0.714414	0.699723	0.203734	0.0213345	2
322.364	-3.75997	-2.15371	0.000138481	-0.000171243	0.712896	0.70127	0.205178	-0.0332501	2
322.565	-3.76125	-2.11239	0.000315569	-0.000152211	0.717899	0.696148	0.213032	0.211237	2
322.764	-3.76338	-2.07029	0.000255168	-0.000199767	0.725613	0.688103	0.216818	0.122591	2
322.964	-3.76486	-2.02718	0.000243269	-0.000196857	0.730096	0.683345	0.215695	0.13141	2
323.164	-3.76773	-1.98454	0.000233076	-0.000203619	0.734236	0.678894	0.220572	0.0161846	2
323.364	-3.77071	-1.9417	0.000216538	-0.000185935	0.736518	0.676418	0.219345	0.042337	2
323.564	-3.77195	-1.90066	0.000236904	-0.000172992	0.740598	0.671948	0.219628	0.0270565	2
323.764	-3.77535	-1.85757	0.000140894	-0.000170189	0.740284	0.672294	0.221082	-0.0029388	2
323.964	-3.77864	-1.81432	0.000304573	-0.000223927	0.731981	0.681325	0.230006	-0.470791	2
324.164	-3.7773	-1.77159	0.000271239	-0.000222332	0.710433	0.703764	0.221257	-0.403787	2
324.365	-3.7769	-1.72965	0.000278332	-0.000207136	0.690206	0.723612	0.220079	-0.390983	2
324.564	-3.77461	-1.68843	0.000264318	-0.000216363	0.671668	0.740852	0.214688	-0.287365	2
324.764	-3.77464	-1.64186	0.0002434	-0.000195003	0.653682	0.756769	0.214633	-0.28492	2
324.964	-3.7706	-1.61162	0.000224033	-0.000182008	0.64132	0.767274	0.214113	-0.247649	2
325.164	-3.76401	-1.57149	0.000251786	-0.000128991	0.625813	0.779973	0.214388	-0.187374	2
325.364	-3.76725	-1.53291	0.000188471	-0.000178339	0.627664	0.778484	0	0.8	3
325.564	-3.76181	-1.50072	0.000201174	-0.000162466	0.627772	0.778397	0.214771	-0.166086	2
325.764	-3.75386	-1.46054	0.000178008	-0.000133191	0.615267	0.788319	0.214746	-0.167293	2
325.964	-3.70961	-1.4173	0.000318781	-0.000354798	0.599778	0.800167	0.772128	-1.5	1
326.165	-3.65412	-1.2783	0.00257117	-0.00438721	0.502114	0.864786	0.8	-1.5	1
326.364	-3.56588	-1.15373	0.00357389	-0.00864595	0.392326	0.919779	0.362626	0.406148	2
326.564	-3.52995	-1.09032	0.00423918	-0.00843867	0.446364	0.894802	0.35252	1.07971	2
326.764	-3.52201	-1.0428	0.0042382	-0.00841995	0.459536	0.888109	0.339716	-0.92047	2
326.964	-3.47672	-0.980135	0.00455329	-0.00847028	0.470972	0.882096	0.409655	0.55057	2
327.164	-3.43155	-0.880139	0.00556966	-0.00869491	0.531951	0.846712	0.474655	1.05842	2
327.364	-3.39454	-0.78768	0.00684082	-0.00906331	0.592843	0.805238	0.503345	1.02438	2
327.564	-3.35292	-0.741046	0.00738464	-0.00940487	0.624203	0.781171	0	-0.8	3
327.765	-3.38015	-0.73408	0.00491335	-0.00777778	0.58218	0.813008	0	-0.8	3
327.964	-3.3797	-0.709198	0.00409442	-0.00633941	0.559307	0.828926	0	-0.8	3
328.164	-3.38143	-0.711347	0.00160369	-0.00411207	0.50837	0.861127	0	-0.8	3
328.364	-3.35644	-0.69918	0.00133182	-0.00230677	0.471268	0.881986	0.123645	-0.617692	2
328.565	-3.34455	-0.681482	0.000403819	-0.000558425	0.427852	0.903849	0.11674	-0.663791	2
328.764	-3.33266	-0.666683	-0.00014519	0.000479925	0.377912	0.925841	0.113608	-0.683834	2
328.964	-3.30116	-0.650069	-0.000118622	0.000508544	0.326647	0.945146	0.114387	-0.698954	2
329.164	-3.28463	-0.637238	-9.03972e-05	0.000494786	0.275424	0.961323	0.13058	-0.66949	2
329.365	-3.31319	-0.620434	2.15727e-05	-3.2317e-05	0.2155	0.976504	0.184208	-0.596591	2
329.564	-3.27939	-0.606487	-1.60548e-05	-0.000156174	0.173918	0.98476	0.216663	-0.55112	2
329.764	-3.23022	-0.594212	2.9032e-05	-0.00026259	0.140706	0.990051	0.247677	-0.487302	2
329.964	-3.18484	-0.583225	7.7163e-05	-0.000289322	0.109631	0.993972	0.245836	-0.459776	2
330.165	-3.15387	-0.577456	4.21267e-05	-6.37448e-05	0.0889822	0.996033	0.203887	-0.394972	2
330.364	-3.11934	-0.576271	1.73433e-05	-0.00017138	0.0651575	0.997875	0.200171	-0.392399	2
330.564	-3.08162	-0.572689	4.9999e-05	-0.000178047	0.041423	0.999142	0.200145	-0.324643	2
330.764	-3.04327	-0.570664	6.52989e-05	-0.00022712	0.0231378	0.999732	0.200562	-0.245859	2
330.964	-2.96565	-0.565634	2.35665e-05	-0.000125302	0.00665951	0.999978	0.201333	-0.169661	2
331.164	-2.9269	-0.565354	6.17373e-05	-0.000195636	-0.00219043	0.999998	0.203155	-0.0147278	2
331.364	-2.888	-0.565369	6.30258e-05	-0.000203105	-0.00647228	0.999979	0.201973	-0.0547177	2
331.564	-2.87139	-0.568158	5.02467e-05	-0.000193265	-0.00657418	0.999978	0.201919	-0.00252266	2
331.764	-2.83209	-0.568409	6.9798e-05	-0.000205931	-0.00644881	0.999979	0.203007	0.0431536	2
331.964	-2.79291	-0.568284	1.88669e-05	-0.000162121	-0.00854542	0.999963	0.203189	0.0240268	2
332.164	-2.74359	-0.569635	3.56609e-05	-0.000115403	-0.00756641	0.999971	0.203393	0.0624277	2
332.364	-2.70413	-0.569574	3.05272e-05	-0.000205518	-0.00635968	0.99998	0.202765	0.0496547	2
332.564	-2.6744	-0.569495	3.09693e-06	-8.99602e-05	-0.00448219	0.99999	0.203235	0.0368192	2
332.764	-2.6749	-0.567717	5.96533e-05	-0.000171459	-0.00456392	0.99999	0.20334	0.061308	2
332.964	-2.63546	-0.567634	7.74881e-05	-0.000150492	-0.00297326	0.999996	0.20213	0.0153112	2
333.164	-2.5959	-0.567492	5.54298e-05	-0.000153197	-0.00142635	0.999999	0.20362	0.0511941	2
333.364	-2.55169	-0.564142	6.24059e-05	-0.000160215	-0.0021675	0.999998	0.204388	0.0922098	2
333.564	-2.51214	-0.564057	-1.61079e-05	-8.52108e-05	-0.00121606	0.999999	0.203541	0.0318248	2
333.765	-2.47256	-0.563967	4.76763e-05	-0.000172673	5.14031e-05	1	0.202491	0.0124558	2
333.964	-2.42115	-0.567423	-1.51946e-05	-6.69057e-05	0.00257362	0.999997	0.20316	0.0276387	2
334.164	-2.38178	-0.567059	5.84638e-05	-0.000181555	0.00253843	0.999997	0.203449	0.0219477	2
334.364	-2.34218	-0.566667	5.8133e-05	-0.00018143	0.00389585	0.999992	0.203057	0.00505916	2
334.564	-2.29337	-0.563404	6.74314e-05	-0.000178735	0.00347849	0.999994	0.203625	0.0192668	2
334.764	-2.25368	-0.562853	5.45285e-05	-0.000110739	0.0038069	0.999993	0.203942	0.0281984	2
334.965	-2.21401	-0.562113	5.209e-05	-0.000155118	0.00462494	0.999989	0.203819	0.0496583	2
335.164	-2.18494	-0.563445	6.02747e-05	-0.000183643	0.00425659	0.999991	0.199953	-0.0609162	2
335.364	-2.14549	-0.563085	2.71087e-05	-6.81599e-05	0.00393698	0.999992	0.204206	0.0717676	2
335.564	-2.10576	-0.562578	5.61939e-05	-0.000210392	0.00711825	0.999975	0.205354	0.0948893	2
335.764	-2.07041	-0.563856	3.3937e-05	-0.000162824	0.00814529	0.999967	0.203312	0.0199222	2
335.964	-2.03092	-0.562889	4.96246e-05	-0.00018592	0.0082321	0.999966	0.202994	-0.00780604	2
336.164	-1.99176	-0.562254	6.11291e-05	-0.00013694	0.0061281	0.999981	0.202719	-0.00107018	2
336.364	-1.95347	-0.559753	3.70328e-05	-0.000170586	0.0084208	0.999965	0.20368	0.00291877	2
336.564	-1.91421	-0.559029	-3.07817e-07	-9.68002e-05	0.00583061	0.999983	0.202744	-0.025177	2
336.765	-1.87484	-0.558425	5.24557e-05	-0.000186735	0.00650942	0.999979	0.203808	0.0520912	2
336.964	-1.82591	-0.559361	4.63297e-05	-0.00015712	0.00813531	0.999967	0.20365	0.0332016	2
337.164	-1.78633	-0.558533	5.9494e-05	-0.000180645	0.00854106	0.999964	0.203618	0.0367896	2
337.364	-1.75521	-0.556611	3.25042e-06	-7.65588e-05	0.00834868	0.999965	0.204054	0.0157489	2
337.564	-1.72243	-0.554929	3.58942e-05	-0.000109334	0.00705855	0.999975	0.204556	0.0266427	2
337.764	-1.6927	-0.554379	6.54386e-05	-0.000140733	0.00786847	0.999969	0.20288	-0.000846015	2
337.964	-1.65299	-0.553395	2.41e-05	-7.11208e-05	0.00977455	0.999952	0.204065	0.0358	2
338.164	-1.59249	-0.554055	6.54754e-05	-0.000146472	0.0102809	0.999947	0.20282	-0.0222133	2
338.364	-1.55307	-0.553017	4.84998e-05	-8.24623e-05	0.00938959	0.999956	0.202366	0.00759394	2
338.564	-1.51389	-0.552273	5.01418e-05	-0.000139547	0.00878507	0.999961	0.201762	-0.00507988	2
338.764	-1.49405	-0.55033	-7.49558e-07	-3.53587e-05	0.0065246	0.999979	0.203592	-0.00775735	2
338.964	-1.45448	-0.549681	8.33921e-05	-0.000143613	0.00726273	0.999974	0.204476	0.0157787	2
339.164	-1.41487	-0.548918	5.89384e-05	-0.00012318	0.00874159	0.999962	0.203026	0.0161272	2
339.364	-1.35608	-0.548217	6.51612e-05	-0.000109953	0.00768688	0.99997	0.20354	0.0201561	2
339.564	-1.31649	-0.547342	7.93589e-05	-0.000131401	0.00826257	0.999966	0.2021	-0.0517821	2
339.764	-1.27981	-0.547043	6.1986e-05	-0.00012395	0.00809021	0.999967	0.206256	0.0259529	2
339.964	-1.24275	-0.546522	4.26165e-05	-9.27011e-05	0.0109303	0.99994	0.205021	0.0569936	2
340.164	-1.20316	-0.545619	6.1532e-05	-0.000126043	0.0102842	0.999947	0.202976	-0.00960638	2
340.365	-1.17343	-0.544957	4.19897e-05	-0.000135359	0.0113927	0.999935	0.202526	0.0032533	2
340.564	-1.14416	-0.543821	3.1263e-05	-0.000150636	0.0111463	0.999938	0.20326	0.00555162	2
340.764	-1.10481	-0.542897	6.47366e-05	-0.00015769	0.0102564	0.999947	0.203622	0.0355704	2
340.964	-1.06518	-0.542025	-1.68523e-06	-9.50242e-05	0.0122379	0.999925	0.203341	-0.00522893	2
341.164	-1.02837	-0.54058	4.60294e-05	-0.000128349	0.0105284	0.999945	0.201322	-0.0503383	2
341.364	-0.988872	-0.539736	-7.76848e-07	-4.60073e-05	0.00945254	0.999955	0.204265	0.0423355	2
341.564	-0.949347	-0.53896	5.50832e-05	-0.000143711	0.00974193	0.999953	0.20437	-0.0147041	2
341.764	-0.885361	-0.538632	5.35964e-05	-0.00013791	0.0125678	0.999921	0.205186	0.037268	2
341.964	-0.845786	-0.537638	5.55952e-05	-7.04134e-05	0.0123139	0.999924	0.2027	-0.0225031	2
342.164	-0.812129	-0.5365	5.70911e-05	-6.12709e-05	0.0110633	0.999939	0.202072	-0.0388765	2
342.364	-0.77961	-0.535194	4.50078e-05	-7.44028e-05	0.0126858	0.99992	0.204503	0.0404188	2
342.564	-0.73995	-0.533917	2.48016e-05	-6.40745e-05	0.0132584	0.999912	0.204111	0.00989173	2
342.764	-0.710259	-0.533091	4.06654e-05	-0.000131344	0.0131686	0.999913	0.20402	0.0394532	2
342.964	-0.666962	-0.530881	3.1494e-05	-0.000116621	0.0114736	0.999934	0.204316	0.036678	2
343.164	-0.627494	-0.529867	-1.20203e-05	-4.29143e-05	0.0099381	0.999951	0.203086	0.00890323	2
343.364	-0.587841	-0.529027	5.92164e-05	-0.00014959	0.0115725	0.999933	0.203644	0.00165723	2
343.564	-0.532003	-0.528456	6.10441e-05	-0.000110125	0.0113261	0.999936	0.204417	0.0270394	2
343.764	-0.492449	-0.527525	5.94552e-05	-0.00014416	0.0103362	0.999947	0.20345	-0.0338195	2
343.964	-0.469218	-0.527792	6.97521e-05	-7.08214e-05	0.00946362	0.999955	0.203981	0.0103053	2
344.164	-0.429611	-0.526965	3.71459e-05	-0.000118891	0.0103862	0.999946	0.204266	-0.00311948	2
344.364	-0.390251	-0.526059	-3.76037e-06	-4.70914e-05	0.00897706	0.99996	0.20259	-0.0196056	2
344.564	-0.350985	-0.523874	5.97706e-05	-0.00012164	0.0102513	0.999947	0.203719	0.0299488	2
344.764	-0.311441	-0.522926	6.31961e-05	-0.000130956	0.0107874	0.999942	0.203221	0.0165275	2
344.965	-0.271989	-0.522104	6.40251e-05	-0.00012777	0.0095763	0.999954	0.203067	0.00861958	2
345.164	-0.248609	-0.523168	1.81613e-05	-1.21345e-05	0.00975841	0.999952	0.20483	0.0432947	2
345.364	-0.218972	-0.522562	5.91152e-05	-6.71992e-05	0.0104481	0.999945	0.204628	0.0532187	2
345.564	-0.179284	-0.521642	4.07525e-05	-8.23635e-05	0.0117866	0.999931	0.203804	-0.0396742	2
345.764	-0.133497	-0.518857	-2.22412e-05	3.41935e-05	0.0107022	0.999943	0.203018	0.00772027	2
345.964	-0.0938347	-0.517815	5.71216e-05	-8.98136e-05	0.0119909	0.999928	0.205192	0.0148429	2
346.164	-0.0543492	-0.516822	2.97955e-05	-8.82441e-05	0.0111383	0.999938	0.204123	0.0077198	2
346.364	-0.022228	-0.518837	5.75739e-05	-9.07224e-05	0.0125016	0.999922	0.20339	-0.0122628	2
346.564	0.0171621	-0.517812	5.7627e-05	-3.72151e-05	0.0105906	0.999944	0.202927	-0.0218812	2
346.764	0.0566086	-0.516865	4.10656e-05	-9.05303e-05	0.0109271	0.99994	0.204254	0.0351954	2
346.964	0.105918	-0.513772	4.88731e-06	3.46312e-06	0.00829816	0.999966	0.20251	-0.0265479	2
347.164	0.145413	-0.512938	5.69837e-05	-8.00102e-05	0.00855309	0.999963	0.203614	0.0135157	2
347.364	0.184734	-0.512189	9.05811e-06	-3.16299e-05	0.00701	0.999975	0.203141	0.0169935	2
347.564	0.225843	-0.514402	4.24583e-05	-6.45362e-05	0.00797051	0.999968	0.202954	0.0116257	2
347.764	0.26554	-0.513642	-4.89348e-07	1.07547e-05	0.00968412	0.999953	0.205757	0.0823634	2
347.964	0.295536	-0.512801	-8.93786e-06	-1.70074e-05	0.0126967	0.999919	0.204803	0.0296071	2
348.164	0.327723	-0.512694	5.02803e-05	-0.000100081	0.0135871	0.999908	0.20287	-0.0430945	2
348.364	0.367244	-0.511675	-3.44445e-05	2.45862e-05	0.0123799	0.999923	0.203932	0.0165375	2
348.564	0.406641	-0.51071	3.99146e-05	-8.09634e-05	0.0116529	0.999932	0.203018	-0.0507956	2
348.765	0.466409	-0.506909	2.18376e-05	-5.8733e-05	0.010942	0.99994	0.205197	0.0395484	2
348.964	0.505939	-0.506054	4.48777e-05	-7.753e-05	0.0116885	0.999932	0.203027	0.0269386	2
349.164	0.54559	-0.505087	3.6635e-05	2.03134e-05	0.0134809	0.999909	0.204085	0.0265832	2
349.364	0.555964	-0.504627	5.72419e-05	-7.32411e-05	0.0140731	0.999901	0.203405	0.00968687	2
349.564	0.595455	-0.503311	3.59143e-06	6.53686e-06	0.0128759	0.999917	0.203168	-0.0401748	2
349.764	0.634679	-0.502304	3.72027e-05	-7.55026e-05	0.0101608	0.999948	0.202629	-0.0490191	2
349.964	0.673956	-0.503304	5.22181e-05	-0.000107896	0.0122665	0.999925	0.20536	0.0541757	2
350.164	0.713794	-0.502301	4.3971e-05	-7.28333e-05	0.0146485	0.999893	0.203734	0.0372816	2
350.364	0.753071	-0.50119	3.19e-05	1.10942e-05	0.0117249	0.999931	0.202798	-0.0347167	2
350.564	0.804898	-0.499616	4.79684e-05	-4.96278e-05	0.00903664	0.999959	0.203912	0.0331599	2
350.764	0.844259	-0.498713	8.41327e-05	-5.99062e-05	0.00823297	0.999966	0.20402	0.03427	2
350.964	0.883756	-0.497965	3.12543e-05	7.39034e-05	0.00859251	0.999963	0.202381	-0.00218886	2
351.164	0.93109	-0.494632	8.29652e-06	-5.79518e-05	0.00918688	0.999958	0.203878	0.0190204	2
351.364	0.970869	-0.493761	4.93797e-05	-4.4749e-05	0.0114616	0.999934	0.203682	0.0108933	2
351.564	1.01019	-0.492792	3.58629e-05	-3.2918e-05	0.00962186	0.999954	0.202532	-0.0472673	2
351.764	1.03167	-0.495015	1.46947e-05	-3.88877e-05	0.00837616	0.999965	0.202026	-0.0164769	2
351.964	1.07115	-0.494257	7.34923e-05	-5.61743e-05	0.00833418	0.999965	0.204187	0.0332969	2
352.164	1.11064	-0.493272	-9.691e-06	5.08429e-05	0.00837636	0.999965	0.202688	-0.0168045	2
352.364	1.15855	-0.48991	5.38049e-05	-5.84555e-05	0.00894181	0.99996	0.203338	0.0296066	2
352.564	1.19804	-0.489007	7.7837e-06	-1.56144e-05	0.00819393	0.999966	0.203667	-0.00866201	2
352.765	1.23789	-0.488189	5.96156e-05	-5.95066e-05	0.0100727	0.999949	0.205078	0.0334504	2
352.964	1.25495	-0.489633	-1.11021e-05	1.01504e-06	0.00905743	0.999959	0.203046	-0.0589161	2
353.164	1.29453	-0.488726	3.13034e-05	4.94726e-06	0.00876472	0.999962	0.205266	0.0499361	2
353.364	1.33435	-0.487807	3.86317e-06	-6.67954e-05	0.0106295	0.999944	0.20344	-0.0109577	2
353.564	1.3826	-0.487902	1.43684e-05	6.17357e-05	0.00962376	0.999954	0.203186	-0.00678061	2
353.764	1.42322	-0.487107	2.10074e-05	-8.68032e-05	0.010848	0.999941	0.205324	0.0135985	2
353.964	1.46281	-0.486264	2.84432e-05	-3.4636e-05	0.0107825	0.999942	0.205062	0.051717	2
354.164	1.49875	-0.484802	3.84785e-05	-3.91286e-05	0.0107402	0.999942	0.203376	0.0105713	2
354.364	1.53829	-0.483733	6.41316e-05	-4.85521e-05	0.0112394	0.999937	0.203102	0.000834832	2
354.564	1.5776	-0.482756	5.11583e-05	-7.16147e-05	0.0107592	0.999942	0.20145	-0.0531955	2
354.765	1.62949	-0.479425	-1.0291e-06	1.26514e-05	0.00985978	0.999951	0.20529	0.0840324	2
354.965	1.66926	-0.478572	5.06616e-05	-7.33521e-05	0.012071	0.999927	0.205264	0.0519496	2
355.164	1.70916	-0.477548	4.89699e-05	-5.50104e-05	0.0145778	0.999894	0.205088	0.0101326	2
355.364	1.74352	-0.476692	4.98252e-05	-5.68852e-05	0.0118098	0.99993	0.203726	-0.0583647	2
355.564	1.77317	-0.475995	3.04988e-05	1.5358e-05	0.0105003	0.999945	0.204018	0.015704	2
355.764	1.81272	-0.474881	4.62861e-05	-1.72685e-05	0.0108923	0.999941	0.203896	0.0142102	2
355.964	1.84789	-0.474028	4.25832e-05	-1.69996e-05	0.0101441	0.999949	0.202458	-0.00952506	2
356.164	1.88731	-0.473278	4.99961e-06	0.000122929	0.0087259	0.999962	0.202758	0.0123476	2
356.364	1.927	-0.472503	5.22445e-05	-2.13482e-05	0.00957208	0.999954	0.203259	0.0146901	2
356.565	1.95544	-0.466791	2.72199e-05	1.0586e-05	0.00451482	0.99999	0.204948	0.0200788	2
356.764	1.99502	-0.466367	2.59644e-05	-2.13516e-05	0.00509876	0.999987	0.203955	0.0173848	2
356.964	2.0345	-0.465862	6.43945e-05	9.22433e-06	0.00456264	0.99999	0.20445	0.0169594	2
357.164	2.06754	-0.462556	5.48144e-05	-2.78019e-05	0.0015113	0.999999	0.203349	0.00459047	2
357.364	2.10706	-0.462315	-1.19626e-05	7.54253e-05	0.000846938	1	0.204193	0.0235615	2
357.564	2.15567	-0.463785	7.84881e-05	-3.12534e-05	0.00268186	0.999996	0.203224	0.0129927	2
357.764	2.20523	-0.465097	1.76791e-05	6.73281e-08	0.00396391	0.999992	0.204666	0.0587089	2
357.964	2.24474	-0.464603	5.83866e-05	-2.21048e-05	0.00285837	0.999996	0.203974	0.0206073	2
358.164	2.27455	-0.464234	1.30476e-05	2.84531e-05	0.00253317	0.999997	0.202381	-0.0110633	2
358.364	2.31617	-0.463914	4.89074e-05	8.51843e-06	0.00781188	0.999969	0.203438	0.0230048	2
358.564	2.35596	-0.463253	-1.80224e-05	2.034e-05	0.00555681	0.999985	0.213233	-0.199993	2
358.764	2.39703	-0.463112	3.77392e-05	-6.87451e-05	-0.0074294	0.999972	0.214937	-0.160541	2
358.964	2.43611	-0.464909	5.12401e-05	-5.47822e-05	-0.0198652	0.999803	0.216978	-0.112126	2
359.164	2.47826	-0.466355	6.80477e-05	-6.76285e-05	-0.0269668	0.999636	0.221014	0.00532393	2
359.364	2.52081	-0.468136	5.49281e-05	-7.54284e-05	-0.0312211	0.999512	0.219694	-0.027567	2
359.564	2.5608	-0.469976	0.000161805	-0.000148519	-0.0349182	0.99939	0.222747	0.0567602	2
359.764	2.60404	-0.472394	9.69551e-05	-0.000119517	-0.0343373	0.99941	0.223563	0.0830743	2
359.964	2.64776	-0.473778	0.000107909	-0.00015115	-0.0334177	0.999441	0.221481	0.01706	2
360.164	2.69454	-0.474439	0.000229159	-0.000317609	-0.00497155	0.999988	0.23669	0.505448	2
360.364	2.74043	-0.47315	0.000202909	-0.000278861	0.0255428	0.999674	0.222209	0.413169	2
360.564	2.78419	-0.470018	6.13897e-05	-7.38671e-05	0.0513868	0.998679	0.217189	0.350657	2
360.764	2.80877	-0.470027	7.54056e-05	-4.95479e-05	0.0657284	0.997838	0.215427	0.312606	2
360.964	2.85117	-0.464167	5.7358e-05	-2.23627e-05	0.0879271	0.996127	0.215371	0.310998	2
361.165	2.89297	-0.456761	6.13903e-05	-9.42723e-06	0.107757	0.994177	0.214069	0.237809	2
361.364	2.94604	-0.44397	4.61556e-05	5.89869e-05	0.127574	0.991829	0.214389	0.187337	2
361.564	2.97228	-0.437223	2.3003e-05	0.000172819	0.114291	0.993447	0	-0.8	3
361.764	3.04609	-0.419357	0.000662819	-0.00178672	0.148612	0.988894	0.781003	1.5	1
361.964	3.09847	-0.40476	0.000403956	-0.00130812	0.172232	0.985055	0.215671	0.131847	2
362.164	3.13894	-0.39022	0.000180905	-0.000169685	0.192319	0.981332	0.216087	0.329063	2
362.364	3.17928	-0.37361	-7.5191e-06	6.33635e-05	0.220888	0.975299	0.221231	0.403523	2
362.564	3.2067	-0.346799	-7.12555e-05	0.000100604	0.252259	0.96766	0.23377	0.491406	2
362.764	3.24555	-0.324718	-0.000141378	0.000201798	0.285557	0.958362	0.219716	0.386705	2
362.964	3.28137	-0.301308	6.88031e-06	0.0001582	0.314946	0.94911	0.218008	0.363854	2
363.164	3.32179	-0.294036	7.39888e-06	0.000116782	0.343912	0.939002	0.21778	0.360348	2
363.365	3.35495	-0.265598	-2.1001e-06	6.35385e-05	0.374923	0.927056	0.244763	0.778366	2
363.564	3.38854	-0.230944	-4.24807e-05	0.000125065	0.423781	0.905765	0.231394	0.427635	2
363.764	3.41907	-0.194178	2.86053e-07	0.000115186	0.443826	0.896113	0.230152	0.252923	2
363.964	3.44562	-0.158155	1.34338e-05	8.40231e-05	0.459733	0.888057	0.229428	0.261078	2
364.164	3.47078	-0.121293	2.00265e-05	5.81779e-05	0.474691	0.880153	0.22904	0.330662	2
364.364	3.49466	-0.0777126	-1.83797e-05	9.26898e-05	0.494954	0.868919	0.228023	0.28912	2
364.564	3.51641	-0.039012	3.90819e-05	5.7292e-05	0.510229	0.860038	0.227822	0.269183	2
364.764	3.5367	0.000440293	4.22753e-05	5.32289e-05	0.524313	0.851526	0.227035	0.228912	2
364.964	3.55927	0.0318093	1.43359e-05	8.71976e-05	0.538479	0.842639	0.227771	0.282567	2
365.164	3.57674	0.0726483	-6.95523e-05	9.11653e-05	0.552166	0.833734	0.226569	0.206155	2
365.364	3.59273	0.113765	-5.92912e-05	0.000131085	0.562838	0.826567	0.226015	0.179714	2
365.564	3.60882	0.15508	3.02989e-05	7.22427e-05	0.574698	0.818365	0.227555	0.268802	2
365.764	3.6192	0.186671	1.25811e-05	8.2648e-05	0.583386	0.812195	0.22741	0.258031	2
365.964	3.63193	0.229219	2.01986e-05	7.28266e-05	0.595042	0.803695	0.226872	0.218775	2
366.165	3.6417	0.275404	6.31511e-06	0.000114523	0.605815	0.795606	0.224716	0.118621	2
366.364	3.65199	0.318106	4.34981e-05	7.67003e-05	0.612039	0.790828	0.226434	0.195587	2
366.564	3.66155	0.361272	0.000172982	1.67554e-05	0.620566	0.784154	0.226613	0.207379	2
366.764	3.66736	0.400882	0.000261465	-1.10015e-05	0.626753	0.779218	0.224696	0.124406	2
366.964	3.67531	0.444503	0.000321651	9.74453e-06	0.635162	0.772379	0.227347	0.225804	2
367.164	3.68224	0.488288	0.000343373	-1.18509e-07	0.642674	0.76614	0.226488	0.196194	2
367.364	3.68865	0.535088	0.000324701	-5.28424e-05	0.648685	0.761057	0.225422	0.153055	2
367.565	3.69434	0.578919	0.000315981	-4.83773e-05	0.654702	0.755887	0.225511	0.152059	2
367.765	3.69904	0.622173	0.000301757	-2.19916e-05	0.658374	0.752691	0.223091	0.0669908	2
367.965	3.70334	0.665749	0.000323942	-4.78609e-05	0.663604	0.748084	0.225994	0.158569	2
368.164	3.70733	0.709682	0.000308941	-4.61867e-06	0.668424	0.74378	0.225748	0.155716	2
368.364	3.70988	0.741651	0.000234065	1.14972e-06	0.68826	0.725464	0.211905	0.428568	2
368.564	3.69833	0.772718	0.000237317	2.3548e-05	0.695675	0.718357	0.206809	0.199729	2
368.764	3.6989	0.813221	2.48879e-05	2.27616e-05	0.702711	0.711475	0.205628	0.117305	2
368.964	3.699	0.853304	-2.28147e-05	6.48064e-05	0.706773	0.707441	0.204385	0.0710978	2
369.164	3.70032	0.891639	-5.91623e-06	1.77354e-05	0.707498	0.706716	0.20482	-0.0282708	2
369.364	3.70041	0.931232	2.79286e-06	3.20083e-05	0.707156	0.707057	0.203652	-0.0178966	2
369.564	3.70049	0.970949	3.62076e-05	3.83814e-05	0.707277	0.706937	0.205123	0.0228953	2
369.764	3.69921	1.00752	-8.34315e-05	5.07126e-05	0.704214	0.709988	0.206075	-0.0407993	2
369.964	3.69968	1.04751	3.77149e-05	2.30569e-05	0.704881	0.709326	0.206475	0.0347102	2
370.164	3.69994	1.08731	2.29243e-05	2.88017e-05	0.705208	0.709001	0.203848	0.00172437	2
370.364	3.70256	1.13072	4.59054e-05	2.59708e-05	0.704151	0.71005	0.203976	-0.0250498	2
370.564	3.70295	1.17053	-5.29039e-06	1.78238e-05	0.704331	0.709871	0.20367	-0.0190662	2
370.764	3.70555	1.21548	8.09265e-05	3.67936e-05	0.705641	0.708569	0.203278	-0.00615705	2
370.964	3.70676	1.24803	-6.65255e-05	5.86948e-05	0.706156	0.708056	0.205788	-0.000918178	2
371.164	3.70703	1.28781	-6.66042e-06	4.82388e-05	0.705148	0.70906	0.205	-0.0664002	2
371.364	3.7074	1.3275	5.56188e-06	5.99011e-05	0.70416	0.710041	0.202548	-0.0333867	2
371.564	3.70631	1.35982	8.72371e-05	1.28859e-06	0.697867	0.716227	0.215737	-0.130559	2
371.764	3.70761	1.40133	-1.55645e-05	3.04849e-05	0.690326	0.723498	0.2148	-0.154418	2
371.964	3.70947	1.44328	4.05058e-05	4.26293e-05	0.684722	0.728805	0.218222	-0.0807475	2
372.164	3.7125	1.48678	3.96829e-05	9.3961e-06	0.680155	0.733069	0.21727	-0.0905081	2
372.364	3.71539	1.52907	4.56166e-05	4.27354e-05	0.676399	0.736535	0.220215	-0.0162885	2
372.564	3.71835	1.57168	0.000110716	8.50362e-06	0.673795	0.738919	0.221515	0.0209881	2
372.764	3.72109	1.61289	0.000234909	1.52144e-05	0.672168	0.740398	0.222212	0.0409707	2
372.964	3.72467	1.65744	0.000307874	-2.35188e-05	0.681863	0.73148	0.233727	0.491187	2
373.164	3.72564	1.70448	0.000282191	-3.99102e-07	0.704209	0.709992	0.225582	0.441433	2
373.364	3.72477	1.73879	0.000262636	-2.58388e-05	0.718826	0.69519	0.219941	0.389376	2
373.564	3.72201	1.78254	0.000282654	-1.11884e-05	0.736282	0.676674	0.217182	0.350529	2
373.764	3.71793	1.82561	6.16658e-05	1.23346e-05	0.752423	0.658681	0.215553	0.316053	2
373.964	3.70503	1.8885	-6.14247e-05	4.63976e-05	0.77004	0.637996	0.214126	0.249591	2
374.164	3.69741	1.93007	-6.6843e-05	4.50094e-05	0.78188	0.623428	0.214073	0.222644	2
374.364	3.68848	1.97127	-8.67085e-05	0.00010164	0.792506	0.609864	0.214552	0.177317	2
374.564	3.70442	1.97638	-7.85881e-05	0.000121386	0.780691	0.624917	0	-0.8	3
374.764	3.68689	2.052	0.00170723	-0.000825687	0.803113	0.595824	0.771424	1.5	1
374.964	3.66701	2.11144	0.00126898	-0.000669031	0.827097	0.562058	0.21558	0.134798	2
375.164	3.75947	2.07176	0.000207476	1.41248e-05	0.829678	0.558242	0.214674	0.28674	2
375.364	3.74348	2.11141	-9.63407e-05	7.56205e-05	0.844343	0.535803	0.217867	0.361707	2
375.564	3.72533	2.15023	-7.70003e-05	7.6829e-05	0.859521	0.5111	0.218886	0.376242	2
375.764	3.65878	2.18497	-0.000272513	7.2318e-05	0.874361	0.485277	0.220121	0.391459	2
375.964	3.64175	2.21266	-0.000233581	0.000107165	0.886128	0.46344	0.218493	0.370888	2
376.164	3.6171	2.2478	-0.000232113	0.000111831	0.899921	0.436052	0.218565	0.371878	2
376.364	3.52735	2.41128	-0.000111873	4.89224e-05	0.916638	0.399717	0.241803	0.85068	2
376.564	3.49402	2.4449	-9.19618e-05	6.4792e-05	0.934806	0.355159	0.231213	0.411443	2
376.764	3.47892	2.47633	-0.000197674	4.81889e-05	0.942828	0.333279	0.229254	0.219383	2
376.964	3.43386	2.51227	0.00034418	9.11743e-05	0.933484	0.358618	0.22978	0.415666	2
377.165	3.39506	2.54602	9.86042e-05	0.000127334	0.950477	0.310793	0.385348	-0.706917	2
377.364	3.34483	2.58726	0.000411686	0.000136573	0.937905	0.346892	0.363833	-0.547086	2
377.564	3.30087	2.63721	0.000355537	0.000112996	0.937494	0.348002	0.365009	-0.283429	2
377.764	3.25029	2.68146	0.000326348	0.000101328	0.931993	0.362476	0.331198	-0.0989514	2
377.964	3.15778	2.71512	-1.85109e-06	6.2708e-05	0.934532	0.35588	0.256435	0.229157	2
378.164	3.12607	2.74258	-0.000168429	0.000120226	0.943737	0.330696	0.201675	0.421908	2
378.364	3.09445	2.76674	-0.000162525	0.000118799	0.954588	0.297928	0.190271	0.491156	2
378.564	3.16479	2.68809	-0.000111727	8.16532e-05	0.96084	0.277104	0.204867	0.499888	2
378.764	3.16884	2.6688	-6.9978e-05	7.20923e-05	0.969593	0.244725	0.222591	0.489954	2
378.964	3.12757	2.68908	-1.84437e-05	7.03075e-05	0.977527	0.210811	0.243212	0.473999	2
379.164	3.03435	2.7147	3.01725e-05	0.000130054	0.984573	0.174974	0.248604	0.489619	2
379.364	2.98359	2.73033	0.00024663	0.00022511	0.989536	0.144287	0.250037	0.453234	2
379.564	2.93738	2.74201	0.000252663	0.000208127	0.992989	0.118205	0.224078	0.378564	2
379.764	2.90267	2.74911	0.000118733	0.000205834	0.995348	0.0963484	0.196254	0.310336	2
379.964	2.89168	2.75098	-5.5307e-05	8.09695e-05	0.997205	0.0747162	0.201067	0.373761	2
380.164	2.85186	2.75585	-0.00011072	1.53887e-05	0.998584	0.0532006	0.203228	0.271909	2
380.364	2.80212	2.76076	-6.21842e-05	5.83587e-05	0.999243	0.0389019	0.201587	0.197941	2
380.564	2.74889	2.76551	-3.89405e-05	6.49271e-05	0.999557	0.0297758	0.20352	0.0960212	2
380.764	2.70961	2.76724	-5.75493e-05	5.92412e-05	0.999763	0.0217909	0.19956	0.157946	2
380.964	2.70375	2.76068	-4.1502e-05	6.25489e-05	0.999732	0.0231527	0.202794	0.0211237	2
381.164	2.67439	2.76196	-2.27418e-05	2.87105e-05	0.999797	0.020173	0.203388	0.0228066	2
381.364	2.63506	2.76341	-9.08045e-05	3.2224e-05	0.999823	0.0188081	0.202332	0.0279921	2
381.564	2.48098	2.88106	-5.69909e-05	4.25157e-05	0.999946	0.0104395	0.203206	-0.00725873	2
381.764	2.42574	2.89778	-4.48263e-05	4.31472e-05	0.99995	0.00998656	0.20373	0.0260262	2
381.964	2.38627	2.89862	-5.87425e-05	3.00369e-05	0.999946	0.0103728	0.202829	0.00336853	2
382.164	2.371	2.89667	-8.58323e-05	1.45237e-05	0.999937	0.0112522	0.201	0.0617773	2
382.364	2.33183	2.89748	-0.000106456	-1.49609e-05	0.999965	0.00837704	0.202174	0.00941548	2
382.564	2.29254	2.89838	-4.56574e-05	2.78986e-05	0.999954	0.00964074	0.202111	0.00353876	2
382.764	2.29772	2.78049	-0.00018564	-5.37321e-05	0.999859	0.0168144	0.20315	-0.0159253	2
382.964	2.25853	2.78199	-3.40563e-05	4.2133e-05	0.99986	0.0167265	0.202649	-0.0245033	2
383.164	2.21915	2.78352	-6.54579e-05	5.69641e-05	0.999786	0.0207096	0.203726	-0.0582361	2
383.364	2.17972	2.78403	-3.94557e-05	5.60526e-05	0.999782	0.0208676	0.201553	0.0178471	2
383.564	2.15021	2.78527	-8.19525e-05	5.26356e-05	0.99977	0.0214338	0.202612	-0.0191491	2
383.764	2.11101	2.78694	-3.49537e-06	4.7681e-05	0.999744	0.0226316	0.202813	0.0116025	2
383.964	2.12071	2.78861	-9.5106e-05	-8.85574e-06	0.999778	0.0210567	0.202715	0.0292079	2
384.164	2.09213	2.79022	-4.7011e-05	6.05805e-05	0.999798	0.0200819	0.201874	0.0269896	2
384.364	2.05277	2.79165	-3.54015e-05	5.30751e-05	0.999794	0.0202871	0.203204	-0.0258787	2
384.564	1.99695	2.79395	-3.13235e-05	5.15424e-05	0.999729	0.0232894	0.202973	-0.00344313	2
384.764	1.95777	2.79556	-0.000109349	5.57074e-05	0.999729	0.0232939	0.202424	0.00637735	2
384.964	1.91843	2.79733	-4.14345e-05	5.0337e-05	0.999724	0.0234805	0.203644	-0.0172478	2
385.164	1.84654	2.79931	-9.66932e-05	1.59765e-05	0.999708	0.0241659	0.202279	-0.00144684	2
385.365	1.80714	2.80127	-7.08041e-05	4.05213e-05	0.99967	0.0256925	0.204367	-0.0415409	2
385.564	1.76775	2.80333	-8.75052e-05	2.2252e-05	0.99969	0.0248928	0.202356	0.0648733	2
385.764	1.69695	2.80516	-3.96497e-05	2.66386e-05	0.999717	0.0237727	0.20162	0.0505631	2
385.964	1.65753	2.80693	-3.08061e-05	4.47798e-05	0.999745	0.0225871	0.204293	-0.0233114	2
386.164	1.62805	2.80835	-2.78043e-05	5.54495e-05	0.999724	0.0234745	0.202397	0.0129023	2
386.364	1.62111	2.81132	-2.85717e-05	3.06284e-05	0.99974	0.0227986	0.202963	-0.00788389	2
386.565	1.59084	2.81343	-9.36192e-05	-5.07569e-06	0.999728	0.0233026	0.203059	-0.014437	2
386.764	1.55153	2.81535	1.73935e-05	7.98216e-05	0.999708	0.0241848	0.204744	-0.0298679	2
386.964	1.5302	2.81736	-7.16214e-05	2.67317e-05	0.999731	0.0231877	0.20271	0.0451529	2
387.164	1.49072	2.81913	-9.9952e-06	4.30452e-05	0.999715	0.0238709	0.203953	-0.0161217	2
387.364	1.45117	2.82087	-0.000122795	5.85223e-06	0.99967	0.0256978	0.203235	0.0189228	2
387.564	1.38486	2.82383	-2.90251e-05	3.04195e-05	0.999727	0.0233775	0.204873	0.00111803	2
387.764	1.34536	2.82554	-3.39746e-05	5.71422e-05	0.999743	0.0226482	0.202019	0.0662842	2
387.964	1.30606	2.82721	-2.83063e-05	3.83323e-05	0.999732	0.0231496	0.202669	-0.0348525	2
388.164	1.25195	2.82905	-5.91886e-05	1.58456e-05	0.99971	0.0240712	0.202368	0.0362349	2
388.364	1.21262	2.83082	-4.97204e-05	2.11872e-05	0.999726	0.023402	0.202958	0.00874905	2
388.564	1.17338	2.8325	-2.88583e-05	1.19978e-05	0.99972	0.023655	0.201853	0.0156996	2
388.764	1.20436	2.83497	-8.04487e-05	6.24986e-05	0.999794	0.0202836	0.200859	0.0491637	2
388.964	1.16522	2.83644	-4.2015e-05	3.78351e-05	0.999808	0.0195958	0.203123	-0.0281786	2
389.164	1.12591	2.83795	-0.000133368	-1.63763e-05	0.999781	0.020941	0.202501	-0.0169877	2
389.364	1.07416	2.8381	-2.5663e-05	5.99414e-05	0.99976	0.021927	0.203426	0.00704933	2
389.564	1.03457	2.83974	-3.08527e-05	5.48638e-05	0.999734	0.0230788	0.203104	0.0435451	2
389.764	0.995233	2.84154	-1.84511e-05	7.37595e-05	0.999729	0.0232802	0.203964	-0.0549945	2
389.964	0.949598	2.84071	-7.08641e-05	5.64311e-05	0.999686	0.0250549	0.202644	0.0198992	2
390.164	0.910233	2.84266	-3.86089e-05	5.24415e-05	0.999622	0.027497	0.20341	-0.00633361	2
390.364	0.870752	2.8448	-0.000124346	3.48996e-06	0.999604	0.0281416	0.202873	0.0658715	2
390.564	0.843287	2.84821	-4.93213e-05	6.39739e-05	0.999636	0.0269698	0.204026	0.0164594	2
390.764	0.803854	2.85026	-8.0432e-05	4.49601e-05	0.999682	0.0252284	0.204273	0.020215	2
390.964	0.761523	2.85188	-4.3709e-05	6.23471e-05	0.999624	0.0274091	0.203226	0.0125283	2
391.164	0.729975	2.85314	-1.07938e-05	5.69832e-05	0.999637	0.0269518	0.20176	0.0435653	2
391.364	0.690587	2.85511	-1.91193e-05	2.74972e-05	0.999654	0.0262852	0.203397	-0.00524054	2
391.564	0.618334	2.86139	5.8887e-06	5.10126e-05	0.999678	0.0253692	0.202626	0.00318365	2
391.764	0.570696	2.86438	-9.26397e-05	-7.73816e-08	0.999716	0.0238438	0.204256	0.0120389	2
391.964	0.53132	2.86628	-2.46731e-06	4.48875e-05	0.999729	0.0232898	0.203261	-0.0160359	2
392.164	0.476552	2.86409	-3.28439e-05	5.92966e-05	0.999636	0.0269897	0.203121	0.0281882	2
392.364	0.437146	2.86605	-1.64784e-05	3.52688e-05	0.999636	0.026979	0.203401	0.00985828	2
392.564	0.39758	2.868	-9.67298e-05	2.33328e-06	0.999603	0.0281645	0.203805	0.015248	2
392.764	0.415599	2.87512	-2.77991e-05	3.07184e-05	0.999717	0.0238003	0.202611	-0.0058831	2
392.964	0.376337	2.87671	-2.45795e-05	5.72378e-05	0.999728	0.0233362	0.202839	-0.00252973	2
393.164	0.337132	2.87843	-6.38074e-05	2.25372e-05	0.999748	0.0224691	0.201712	0.0320148	2
393.364	0.272505	2.87785	-5.56873e-05	4.08337e-05	0.999733	0.0231037	0.203105	-0.0327865	2
393.564	0.233111	2.87966	-4.98722e-05	7.05086e-05	0.999703	0.0243628	0.203404	0.0043897	2
393.764	0.203649	2.88103	-2.73051e-05	4.49228e-05	0.999749	0.0223856	0.202269	0.027061	2
393.964	0.186164	2.88192	-2.22579e-05	4.95739e-05	0.999759	0.0219495	0.202527	0.0393164	2
394.164	0.154613	2.88319	8.1843e-06	7.48542e-05	0.999793	0.020352	0.202035	0.0126208	2
394.364	0.115184	2.88486	-9.14725e-05	-7.17939e-06	0.999766	0.0216357	0.203683	-0.0205702	2
394.564	0.0723665	2.88443	-2.95704e-05	5.4399e-05	0.999742	0.0227018	0.203333	0.0140856	2
394.764	0.0329941	2.8862	-1.67366e-05	7.10901e-05	0.999737	0.0229271	0.203788	-0.0232627	2
394.964	-0.00646558	2.88789	-3.42982e-05	5.65122e-05	0.99971	0.0240838	0.201897	0.0398716	2
395.164	-0.0370298	2.89049	-9.64974e-05	5.59461e-05	0.999729	0.0232668	0.203028	0.00594726	2
395.364	-0.0764743	2.89228	-3.077e-05	5.13382e-05	0.999722	0.0235705	0.204131	0.00272734	2
395.564	-0.116028	2.89415	-0.000102585	1.33402e-06	0.999722	0.023596	0.203798	0.0287424	2
395.764	-0.20249	2.90113	-6.54477e-05	3.84626e-05	0.99974	0.0228204	0.203053	-0.00895091	2
395.964	-0.241896	2.90282	-7.02144e-05	3.56129e-05	0.999726	0.0234084	0.202796	0.00444985	2
396.164	-0.281188	2.90455	-7.08602e-05	3.53045e-05	0.999749	0.0224202	0.202109	0.0389459	2
396.364	-0.269209	2.90302	-2.52588e-05	4.522e-05	0.999717	0.0237943	0.204564	-0.0631	2
396.564	-0.308828	2.90493	-4.70271e-05	5.2553e-06	0.999668	0.0257686	0.203112	0.0521816	2
396.764	-0.348368	2.90683	1.3189e-05	5.24521e-05	0.999666	0.0258427	0.204551	-0.0431543	2
396.964	-0.387638	2.90884	-9.71453e-05	-2.54959e-05	0.999658	0.0261456	0.203553	0.0207944	2
397.164	-0.426967	2.91076	-1.08694e-05	4.64311e-05	0.999654	0.0263225	0.202878	0.0177317	2
397.364	-0.466338	2.91266	-1.84738e-05	2.66788e-05	0.999592	0.0285706	0.203565	0.0148032	2
397.564	-0.50424	2.91449	2.7565e-05	6.10758e-05	0.999645	0.0266352	0.20432	0.0092578	2
397.765	-0.543641	2.91638	-9.53171e-05	1.80917e-06	0.999686	0.0250453	0.202747	0.0169415	2
397.964	-0.597491	2.92247	-1.73796e-05	4.14215e-05	0.999713	0.0239741	0.203195	0.0044936	2
398.164	-0.636867	2.92403	-2.52551e-05	2.63663e-05	0.999718	0.0237303	0.203532	0.0123182	2
398.364	-0.676274	2.92573	-2.52459e-05	2.69593e-05	0.999779	0.0210088	0.202122	0.0559776	2
398.564	-0.719296	2.9223	-1.46343e-05	3.06961e-05	0.999746	0.0225443	0.203513	0.013875	2
398.764	-0.758745	2.92416	-4.95219e-06	1.25832e-05	0.999684	0.0251475	0.203592	-0.00310474	2
398.964	-0.788215	2.92545	-5.39577e-05	3.52416e-05	0.999688	0.0249606	0.202762	-0.000777656	2
399.164	-0.826171	2.92873	-4.85532e-05	6.69654e-05	0.999709	0.0241158	0.203119	-0.0093792	2
399.364	-0.865186	2.93102	-1.91227e-05	6.09898e-05	0.999682	0.025209	0.201449	0.0935837	2
399.565	-0.904502	2.93268	-0.000124129	-8.7357e-06	0.9997	0.0245027	0.202524	-0.000311626	2
399.764	-0.972907	2.93571	-3.10949e-05	5.76026e-05	0.999707	0.0242212	0.20164	0.0351259	2
399.965	-1.01225	2.9375	-1.11924e-05	5.39547e-05	0.999691	0.0248753	0.202959	0.0152049	2
400.164	-1.05154	2.93942	-1.40159e-05	5.64766e-05	0.999712	0.023987	0.203507	-0.0165412	2
400.364	-1.05296	2.94036	-6.75134e-05	7.44736e-05	0.999693	0.0247918	0.203914	-0.0497713	2
400.565	-1.0925	2.94225	-2.4741e-05	5.47542e-05	0.999726	0.023404	0.202814	0.0702717	2
400.764	-1.13183	2.94396	-7.45841e-05	5.38095e-06	0.999734	0.0230657	0.203138	0.0091567	2
400.964	-1.17744	2.94695	-2.38246e-05	7.22546e-05	0.999761	0.0218394	0.203237	-0.0178239	2
401.164	-1.21687	2.94865	-5.73894e-05	2.56164e-05	0.999691	0.0248535	0.204141	-0.0558748	2
401.364	-1.25634	2.95039	-4.39662e-05	3.63425e-05	0.999724	0.0234876	0.202658	0.0206073	2
401.564	-1.29102	2.95237	-7.37287e-06	3.56933e-05	0.999732	0.0231505	0.202468	0.012684	2
401.764	-1.33239	2.95436	-3.29765e-05	6.09041e-05	0.999782	0.0208582	0.201095	0.0650803	2
401.964	-1.37159	2.95597	2.50091e-05	4.96117e-05	0.999803	0.019837	0.201718	0.0223787	2
402.164	-1.39401	2.95764	-5.22652e-05	-1.14719e-06	0.999822	0.018862	0.203275	-0.0139916	2
402.364	-1.43263	2.95921	1.28863e-05	3.44694e-05	0.999773	0.0213266	0.203289	-0.0148044	2
402.564	-1.47211	2.96093	-4.02492e-05	2.48616e-05	0.99972	0.0236707	0.202661	0.00852642	2
402.764	-1.50869	2.96392	2.74051e-05	5.58111e-05	0.999778	0.0210692	0.201566	0.0862512	2
402.964	-1.54803	2.96548	-7.83795e-05	-8.77625e-06	0.999785	0.0207204	0.202738	0.0135279	2
403.165	-1.58732	2.96698	1.41034e-05	5.02577e-05	0.999776	0.0211682	0.203621	-0.00483151	2
403.364	-1.63002	2.9679	-7.55132e-06	4.28836e-05	0.999684	0.02513	0.203972	-0.0541824	2
403.564	-1.66941	2.96972	-1.90851e-06	5.2867e-05	0.999658	0.0261516	0.204063	-0.00782506	2
403.764	-1.70711	2.97274	-3.94495e-05	1.47024e-05	0.999722	0.0235925	0.20051	0.0857821	2
403.964	-1.73534	2.97468	-6.14705e-05	4.589e-05	0.999746	0.0225185	0.201266	0.0206837	2
404.164	-1.77452	2.97632	-4.01945e-05	6.56428e-05	0.999726	0.0234255	0.201094	0.0233523	2
404.364	-1.81381	2.97789	-3.13897e-05	5.3329e-05	0.99975	0.0223498	0.202992	-0.0157211	2
404.564	-1.85325	2.97774	-7.25246e-06	5.19414e-05	0.99973	0.0232383	0.203169	0.0260925	2
404.764	-1.8926	2.97946	-9.70628e-05	1.33998e-06	0.999753	0.0222162	0.201522	0.0411926	2
404.964	-1.93195	2.98115	1.63805e-06	4.7984e-05	0.999725	0.0234486	0.203645	-0.0379989	2
405.164	-1.96775	2.98892	2.39579e-06	5.61015e-05	0.999846	0.0175558	0.202565	0.0248252	2
405.364	-2.007	2.99014	-1.58595e-06	8.27872e-05	0.999903	0.0139074	0.201001	0.0794385	2
405.564	-2.04635	2.99116	-0.000115675	-5.54016e-07	0.999907	0.0136641	0.203681	-0.0173959	2
405.764	-2.0876	2.99814	-1.27366e-05	5.364e-05	0.999933	0.0115991	0.203918	-0.0443905	2
405.964	-2.12692	2.99899	-6.13088e-05	2.31128e-05	0.999933	0.0115345	0.20358	0.00874091	2
406.164	-2.16084	2.99228	-1.55147e-05	1.53574e-05	0.999896	0.0144478	0.202465	0.0251873	2
406.364	-2.19556	2.9869	-1.65387e-05	3.00362e-05	0.99986	0.0167061	0.204208	-0.0268593	2
406.564	-2.22501	2.98777	1.12373e-05	7.11829e-06	0.999883	0.0153258	0.20315	-0.0144941	2
406.764	-2.26478	2.98897	5.27545e-05	5.06112e-05	0.999923	0.0124269	0.212472	0.215079	2
406.964	-2.32003	2.99528	-7.52581e-05	-7.44528e-06	0.999999	0.00162728	0.214904	0.173809	2
407.164	-2.3624	2.99506	-2.58855e-05	-1.33325e-05	0.999971	-0.00760036	0.215372	0.143756	2
407.364	-2.40501	2.99458	6.90213e-05	4.9559e-05	0.999893	-0.0146254	0.216232	0.131648	2
407.564	-2.44535	2.9962	-4.30675e-05	-8.65499e-06	0.999796	-0.0201809	0.219954	0.0395391	2
407.764	-2.48838	2.99517	5.51378e-05	2.8497e-05	0.99975	-0.0223567	0.222666	-0.052797	2
407.965	-2.53402	2.99303	6.46769e-05	5.24176e-05	0.999751	-0.022319	0.22053	0.00933229	2
408.164	-2.57718	2.99194	3.42395e-05	3.99131e-05	0.999741	-0.0227507	0.221105	-0.00637211	2
408.364	-2.62027	2.99121	9.14377e-05	5.24943e-05	0.999999	0.00148824	0.225568	-0.441325	2
408.564	-2.66259	2.99582	0.00010323	5.04715e-05	0.999534	0.0305129	0.220994	-0.401056	2
408.764	-2.7042	2.99906	8.74466e-05	3.07344e-05	0.998317	0.0579932	0.217392	-0.354095	2
408.964	-2.74501	3.00405	5.18261e-05	5.53458e-05	0.996536	0.0831571	0.215353	-0.310496	2
409.164	-2.80473	3.00909	-9.38143e-06	2.81084e-05	0.994443	0.105277	0.214285	-0.265175	2
409.364	-2.85707	3.01752	3.17333e-05	5.39736e-05	0.991486	0.130216	0.214062	-0.22772	2
409.564	-2.89657	3.0274	3.33408e-05	5.3203e-05	0.988823	0.149096	0.214781	-0.165623	2
409.764	-2.90337	3.04684	2.63911e-05	5.10449e-05	0.987045	0.160446	0	0.8	3
409.964	-2.92239	3.05327	-2.42549e-05	7.91343e-05	0.991157	0.132691	0.215647	-0.132614	2
410.164	-2.96204	3.06304	-4.63332e-05	5.42558e-05	0.988679	0.150049	0.214685	-0.170268	2
410.364	-3.00335	3.07381	0.000108629	1.68492e-05	0.984872	0.173281	0.25352	-0.566471	2
410.564	-3.04704	3.08339	4.23135e-05	7.17173e-05	0.976828	0.214027	0.231537	-0.47957	2
410.764	-3.08441	3.10019	-3.05964e-05	5.36543e-05	0.968888	0.247498	0.21601	-0.327336	2
410.964	-3.11189	3.11869	-5.25989e-05	4.20054e-05	0.962494	0.271302	0.214964	-0.298087	2
411.164	-3.14633	3.13945	-1.27178e-05	5.44152e-05	0.954062	0.299608	0.21605	-0.328235	2
411.364	-3.17964	3.16237	-6.83211e-05	8.65208e-05	0.948938	0.315464	0.215053	-0.153876	2
411.564	-3.21664	3.15949	-0.000175217	5.79533e-06	0.942163	0.335156	0.214099	-0.216284	2
411.764	-3.24005	3.17824	-6.98406e-05	9.23868e-05	0.936873	0.349669	0.214621	-0.284363	2
411.964	-3.27031	3.20459	-6.07442e-05	6.97213e-05	0.927355	0.374183	0.21629	-0.333481	2
412.164	-3.31312	3.277	-4.51971e-05	8.59471e-05	0.908436	0.418023	0.236546	-0.547656	2
412.364	-3.34078	3.31072	2.73781e-05	4.35005e-05	0.895431	0.445199	0.231242	-0.229829	2
412.564	-3.36672	3.34593	-1.00722e-05	5.49624e-05	0.887597	0.460621	0.23072	-0.282717	2
412.764	-3.38043	3.34865	1.58307e-05	5.87208e-05	0.880235	0.474538	0.229883	-0.290597	2
412.964	-3.40349	3.38522	-1.69234e-05	5.24079e-05	0.871374	0.490619	0.229209	-0.254128	2
413.164	-3.42515	3.42266	-1.21691e-05	6.0277e-05	0.862488	0.506077	0.229663	-0.277214	2
413.364	-3.44314	3.45794	-5.12271e-05	9.41716e-05	0.85384	0.520536	0.227903	-0.259982	2
413.564	-3.46193	3.49675	-7.24486e-05	0.000102799	0.846236	0.532808	0.227605	-0.212256	2
413.764	-3.47957	3.5361	4.64434e-05	-6.4354e-07	0.837696	0.546136	0.227565	-0.262963	2
413.964	-3.49404	3.57099	5.12795e-05	4.04192e-05	0.830874	0.556461	0.226336	-0.169853	2
414.164	-3.5056	3.60118	-6.36576e-05	0.000104395	0.825408	0.564536	0.227257	-0.24993	2
414.364	-3.51999	3.64186	4.62899e-08	4.35104e-05	0.816577	0.577236	0.227439	-0.260204	2
414.564	-3.54644	3.69512	3.22959e-05	1.69928e-05	0.807179	0.590306	0.226595	-0.212149	2
414.764	-3.55819	3.7367	6.66891e-05	1.80954e-05	0.800593	0.599209	0.226859	-0.225949	2
414.964	-3.56895	3.77863	-1.76679e-05	4.03589e-05	0.793187	0.608978	0.226398	-0.198064	2
415.164	-3.56321	3.80654	-5.12936e-05	3.31178e-05	0.791072	0.611723	0.226637	-0.214024	2
415.364	-3.57266	3.84879	6.50304e-05	4.46768e-06	0.785182	0.619265	0.22832	-0.289988	2
415.564	-3.58115	3.8914	4.212e-05	6.85232e-06	0.777172	0.629288	0.226519	-0.199813	2
415.764	-3.5855	3.94237	3.84484e-05	1.42152e-05	0.771805	0.635859	0.226985	-0.216672	2
415.964	-3.59231	3.98539	-3.48139e-05	-3.89142e-05	0.764864	0.644192	0.226376	-0.186742	2
416.164	-3.59908	4.03228	6.00386e-05	1.75401e-05	0.758181	0.652044	0.226598	-0.197593	2
416.364	-3.60502	4.07998	5.66242e-05	4.53135e-06	0.75109	0.6602	0.225718	-0.152875	2
416.564	-3.60935	4.12318	3.99007e-05	1.16502e-05	0.748172	0.663505	0.224201	-0.104915	2
416.764	-3.61228	4.1557	6.29801e-05	-3.16772e-08	0.744641	0.667465	0.224142	-0.100493	2
416.964	-3.61875	4.18871	8.56081e-05	-1.52354e-05	0.743309	0.668949	0.22627	-0.166339	2
417.164	-3.62206	4.23136	7.57744e-05	9.17683e-06	0.733321	0.679883	0.211097	-0.574397	2
417.364	-3.62349	4.2712	8.41194e-05	1.69332e-05	0.712113	0.702064	0.210119	-0.315442	2
417.564	-3.62093	4.30604	-4.4989e-05	-1.98909e-06	0.704236	0.709966	0.20487	-0.135065	2
417.764	-3.62034	4.34557	0.000103093	-2.9295e-05	0.698976	0.715145	0.205839	-0.0764667	2
417.964	-3.61932	4.3851	9.44923e-05	-1.40818e-05	0.695527	0.7185	0.203315	-0.00957924	2
418.164	-3.61169	4.42684	4.29406e-05	-2.87601e-06	0.694055	0.719922	0.203996	-0.016919	2
418.364	-3.61048	4.46635	9.09832e-05	-1.89835e-05	0.692887	0.721046	0.203811	-0.00348111	2
418.564	-3.60937	4.50588	5.3802e-05	-2.68192e-05	0.693973	0.720001	0.202316	0.0288796	2
418.764	-3.60746	4.54571	-2.06593e-06	4.52182e-05	0.692878	0.721054	0.203575	0.0201413	2
418.964	-3.60619	4.58527	8.89851e-05	-4.60507e-05	0.692425	0.72149	0.204045	-0.0356082	2
419.164	-3.60483	4.62404	0.000136926	-4.9107e-05	0.691144	0.722717	0.203193	0.0643088	2
419.364	-3.60371	4.65323	0.000104285	-2.52657e-05	0.690885	0.722965	0.205327	0.0119511	2
419.564	-3.6022	4.69294	8.73776e-05	-1.16545e-05	0.690624	0.723214	0.204517	0.009795	2
419.764	-3.60072	4.73267	9.67762e-05	-2.17103e-05	0.691046	0.722811	0.20338	0.0318273	2
419.964	-3.59966	4.77168	2.30197e-05	-3.36866e-06	0.692688	0.721238	0.202064	0.075742	2
420.164	-3.59839	4.81121	7.61087e-05	7.46989e-06	0.694292	0.719693	0.204785	-0.0108759	2
420.364	-3.59168	4.8474	0.000126491	1.48358e-05	0.704017	0.710183	0.211466	0.233526	2
420.564	-3.59217	4.88958	0.000113167	-4.23823e-05	0.711086	0.703105	0.215018	0.168773	2
420.764	-3.59311	4.93207	9.10011e-05	-3.11478e-05	0.71646	0.697628	0.218286	0.0696777	2
420.964	-3.66149	5.02644	9.15623e-05	-1.24462e-05	0.72625	0.68743	0.218719	0.0667978	2
421.164	-3.66365	5.06925	7.55444e-05	-3.21958e-05	0.728981	0.684534	0.218917	0.0574008	2
421.364	-3.66596	5.11205	9.01912e-05	-2.55387e-05	0.731836	0.68148	0.219201	0.0441235	2
421.564	-3.66177	5.15643	-5.72617e-05	-3.01014e-05	0.73188	0.681433	0.220734	0.00840706	2
421.764	-3.66388	5.19964	8.37478e-05	-4.63576e-05	0.723181	0.690659	0.227555	-0.455369	2
421.964	-3.66461	5.23168	0.000101506	-8.01073e-05	0.70756	0.706653	0.223805	-0.427375	2
422.164	-3.66598	5.28534	6.30941e-05	-9.90689e-05	0.685359	0.728205	0.220825	-0.399257	2
422.364	-3.66352	5.32946	8.80263e-05	-8.63694e-05	0.665965	0.745983	0.216721	-0.342139	2
422.564	-3.65871	5.37019	0.000115805	-5.82315e-05	0.648125	0.761534	0.214311	-0.267062	2
422.764	-3.64999	5.40765	9.11578e-05	-3.18551e-05	0.631532	0.77535	0.214091	-0.217878	2
422.964	-3.57876	5.38055	1.04276e-05	-1.31252e-05	0.61125	0.791438	0.214748	-0.167201	2
423.164	-3.5723	5.40807	8.44012e-05	-1.63644e-05	0.619281	0.78517	0.215233	-0.14691	2
423.364	-3.57716	5.46499	8.1309e-05	-3.91509e-05	0.615006	0.788522	0.215724	-0.130137	2
423.564	-3.60031	5.55857	7.98444e-05	-1.27644e-05	0.604134	0.796883	0.215194	-0.148391	2
423.764	-3.59015	5.59824	6.07761e-05	-2.33917e-06	0.591339	0.806423	0.215795	-0.12794	2
423.964	-3.62183	5.63226	6.27612e-05	-2.46331e-05	0.581132	0.813809	0.215307	-0.144201	2
424.164	-3.60934	5.67082	8.72067e-05	-7.02932e-05	0.559836	0.828603	0.218099	-0.365204	2
424.364	-3.59848	5.69923	7.03095e-05	-1.29478e-05	0.540474	0.84136	0.218727	-0.374103	2
424.564	-3.59028	5.75236	2.3688e-05	4.78713e-05	0.511571	0.859241	0.214885	-0.295211	2
424.764	-3.57148	5.78787	-3.78157e-05	2.68041e-05	0.486404	0.873734	0.217796	-0.360607	2
424.964	-3.55036	5.82224	6.97042e-05	-1.90156e-07	0.459321	0.88827	0.215842	-0.32338	2
425.164	-3.48492	5.8412	-4.69808e-05	4.00951e-05	0.437342	0.899295	0.216187	-0.331272	2
425.364	-3.46007	5.87272	2.61765e-05	7.87523e-05	0.412653	0.910888	0.217014	-0.347565	2
425.564	-3.43266	5.90365	8.78532e-05	-4.50655e-05	0.379413	0.925227	0.244578	-0.78601	2
425.765	-3.45738	5.95127	1.62925e-05	-3.01157e-05	0.33039	0.943844	0.232818	-0.432916	2
425.964	-3.42271	5.97786	-1.08564e-05	-1.31472e-05	0.312272	0.949993	0.231329	-0.159468	2
426.165	-3.38719	6.00324	9.33184e-05	-6.17036e-05	0.297822	0.954621	0.23049	-0.237685	2
426.364	-3.32413	6.01109	6.32878e-05	-4.51763e-05	0.284312	0.958732	0.22911	-0.22877	2
426.564	-3.2875	6.0338	7.15113e-05	-6.34887e-05	0.265275	0.964173	0.22836	-0.289335	2
426.764	-3.24994	6.05497	3.28622e-05	-8.73325e-06	0.249751	0.96831	0.227769	-0.233486	2
426.964	-3.23435	6.07577	3.94078e-05	-8.682e-05	0.23751	0.971385	0.227506	-0.23724	2
427.164	-3.1956	6.09467	2.56411e-06	-9.12552e-05	0.223407	0.974725	0.226837	-0.218183	2
427.364	-3.15632	6.11234	7.65559e-05	-4.99435e-05	0.207521	0.97823	0.227348	-0.224974	2
427.564	-3.10606	6.12992	6.40009e-05	-7.80871e-05	0.194092	0.980983	0.226505	-0.20729	2
427.764	-3.06567	6.14513	5.19041e-05	-3.25318e-05	0.182161	0.983269	0.226572	-0.206823	2
427.964	-3.02485	6.1593	3.25056e-05	1.63537e-05	0.166405	0.986057	0.227619	-0.268622	2
428.164	-2.98369	6.17327	4.46287e-05	-1.81742e-05	0.153536	0.988143	0.226906	-0.221511	2
428.364	-2.94201	6.18496	5.51663e-05	-7.1598e-05	0.142749	0.989759	0.226194	-0.190195	2
428.564	-2.86784	6.20355	-0.000227893	-0.00152648	0.103862	0.994591	0.8	-1.5	1
428.764	-2.70897	6.21328	-0.000487048	-0.00608934	0.00746834	0.999953	0.8	-1.5	1
428.964	-2.551	6.20505	0.000438999	-0.0106798	-0.0107241	0.999885	0.8	1.5	1
429.164	-2.3874	6.21853	0.00103042	-0.0151521	0.0564117	0.998292	0.8	0.402778	1
429.364	-2.23777	6.22025	-0.000956778	-0.0198954	-0.0376531	0.999092	0.8	-1.5	1
429.565	-2.11886	6.21796	0.0013852	-0.0232936	0.0283555	0.999326	0.8	1.5	1
429.764	-1.95415	6.23072	-0.000753014	-0.0279725	-0.018794	0.999432	0.8	-1.5	1
429.964	-1.79426	6.22395	0.00105628	-0.0324677	0.00715478	0.999447	0.8	1.5	1
430.164	-1.64947	6.23936	0.00166718	-0.0369886	0.0508225	0.998021	0.8	-1.5	1
430.364	-1.47504	6.23411	-0.00166665	-0.0417251	-0.0402315	0.998317	0.8	1.5	1
430.565	-1.3171	6.22966	0.00230762	-0.0461265	0.0318424	0.998425	0.8	1.5	1
430.764	-1.19251	6.25567	0.00317913	-0.0505423	0.0665818	0.996495	0.8	-1.5	1
430.964	-1.03395	6.26136	0.00314036	-0.0551946	0.0400669	0.997666	0.8	1.46674	1
431.164	-0.870083	6.2905	0.00338921	-0.0595463	0.0617402	0.996309	0.8	-1.5	1
431.364	-0.699091	6.32563	0.00886097	-0.0637517	0.124106	0.990179	0.8	1.5	1
431.564	-0.556173	6.35028	0.00219496	-0.0680055	0.0491867	0.996469	0.8	-1.5	1
431.764	-0.395529	6.37709	0.011254	-0.0724393	0.140715	0.987332	0.8	1.5	1
431.964	-0.269393	6.42115	0.00962046	-0.076581	0.126829	0.988917	0.8	-1.5	1
432.164	-0.181822	6.45951	0.00189942	-0.0784983	0.0462867	0.995837	0.678403	-1.5	1
