time	x	y	orientation_x	orientation_y	orientation_z	orientation_w	linear_vel	angular_vel	controller_flag
216.965	-8.99673	-8.86409	0.00315069	-0.00365204	0.687363	0.726298	0.788428	-0.439335	1
217.165	-8.98887	-8.74889	0.0056314	-0.00647961	0.669781	0.742509	0.798982	-0.434205	1
217.365	-8.96818	-8.59031	0.00858641	-0.0102446	0.642262	0.766368	0.845584	-0.384638	1
217.565	-8.93612	-8.43044	0.0111579	-0.0141975	0.611525	0.791019	0.821338	-0.324843	1
217.765	-8.85448	-8.30862	0.0133639	-0.0181501	0.584324	0.811208	0.844411	-0.231155	1
217.965	-8.78294	-8.1604	0.0154318	-0.0224633	0.559631	0.828294	0.877947	-0.135324	1
218.165	-8.71632	-7.99904	0.0174128	-0.0268029	0.540166	0.840951	0.874651	-0.0734427	1
218.365	-8.67032	-7.81283	0.0191601	-0.0312936	0.518885	0.854056	0.874237	-0.0562865	1
218.565	-8.59772	-7.67088	0.0202793	-0.0350036	0.500928	0.864543	0.362626	-0.406148	2
218.765	-8.55898	-7.60643	0.0185568	-0.0361516	0.457189	0.888441	0.399916	-0.473577	2
218.965	-8.5144	-7.56112	0.0166092	-0.0374453	0.408663	0.911766	0.445557	-0.709579	2
219.165	-8.4562	-7.50031	0.0149004	-0.0386985	0.36338	0.930718	0.423411	-0.476637	2
219.365	-8.39318	-7.45898	0.0139061	-0.0391572	0.338648	0.939995	0.362642	-0.270355	2
219.565	-8.35346	-7.42679	0.0133731	-0.0391475	0.327256	0.94403	0.287873	-0.0338179	2
219.765	-8.31081	-7.39367	0.0132306	-0.0380628	0.330932	0.942794	0.23153	0.202696	2
219.965	-8.30263	-7.3431	0.0140936	-0.0350084	0.366865	0.929508	0	0.8	3
220.165	-8.27323	-7.31339	0.0137192	-0.0338199	0.376211	0.925815	0	0.8	3
220.365	-8.23843	-7.27752	0.0130946	-0.0330322	0.373447	0.926971	0.376624	-0.522589	2
220.565	-8.19801	-7.21232	0.0123174	-0.0325402	0.353564	0.934763	0	0.8	3
220.765	-8.18182	-7.19743	0.012692	-0.0297839	0.392895	0.919013	0.149919	0.503999	2
220.965	-8.1727	-7.18931	0.0130591	-0.0263454	0.441892	0.896586	0	0.8	3
221.165	-8.20805	-7.20952	0.0130632	-0.0236778	0.482887	0.875265	0.16533	0.605116	2
221.365	-8.20027	-7.19916	0.0127901	-0.0203275	0.531687	0.846601	0	0.8	3
221.565	-8.17414	-7.18723	0.012127	-0.0171425	0.575912	0.817242	0.197407	0.496466	2
221.765	-8.16416	-7.15814	0.0115388	-0.0149476	0.608818	0.793085	0	0.8	3
221.965	-8.1334	-7.15041	0.0104865	-0.0120717	0.651894	0.758141	0.203049	0.441326	2
222.165	-8.12949	-7.11893	0.00989665	-0.0112633	0.660119	0.751012	0	0.8	3
222.365	-8.12813	-7.11529	0.00818998	-0.00839708	0.70199	0.71209	0.215269	-0.308017	2
222.565	-8.12652	-7.06031	0.00725917	-0.00783175	0.691127	0.722654	0.214061	-0.230356	2
222.765	-8.12389	-7.01014	0.00638135	-0.00716542	0.680472	0.732711	0.214098	-0.245177	2
222.965	-8.1199	-6.96862	0.00553046	-0.00651825	0.666451	0.7455	0.217165	-0.350238	2
223.165	-8.10876	-6.93449	0.00474669	-0.00586771	0.651042	0.759004	0.218547	-0.371629	2
223.365	-8.1002	-6.89407	0.00400787	-0.00526132	0.630544	0.776125	0.220015	-0.390241	2
223.565	-8.09053	-6.85249	0.00328008	-0.00468417	0.606159	0.795323	0.24434	-0.87132	2
223.765	-8.04786	-6.82238	0.002763	-0.00423652	0.565425	0.824784	0.231998	-0.427277	2
223.965	-8.0316	-6.78126	0.00219447	-0.00334207	0.543174	0.839611	0.229428	-0.209856	2
224.165	-8.01369	-6.74106	0.00153902	-0.00237624	0.52464	0.85132	0.228108	-0.178394	2
224.365	-7.99263	-6.6911	0.000862557	-0.00135493	0.506268	0.862375	0.227971	-0.164367	2
224.565	-7.97148	-6.65281	0.000218311	-0.000295035	0.48921	0.872166	0.226964	-0.183323	2
224.766	-7.95504	-6.62518	0.000208905	-0.000253207	0.479129	0.877744	0.226119	-0.10372	2
224.965	-7.93063	-6.59717	0.000211773	-0.000292729	0.469875	0.882733	0.22616	-0.150228	2
225.165	-7.90583	-6.568	0.000180999	-0.000218317	0.455952	0.890004	0.225568	-0.137967	2
225.365	-7.88103	-6.53324	0.000193002	-0.0002645	0.442504	0.896767	0.225976	-0.161478	2
225.565	-7.86819	-6.48619	0.000174718	-0.00028171	0.4239	0.905709	0.226341	-0.197534	2
225.766	-7.8408	-6.45345	0.000163435	-0.00028947	0.411095	0.911592	0.226072	-0.184921	2
225.965	-7.79268	-6.40063	0.000497464	-0.00136519	0.382816	0.923824	0.724657	-0.816136	1
226.166	-7.69139	-6.28236	0.00146204	-0.00464658	0.330899	0.943654	0.829585	-0.634613	1
226.365	-7.56935	-6.19217	0.00221053	-0.00831001	0.292006	0.956378	0.768304	-0.533464	1
226.565	-7.44108	-6.11222	0.00280217	-0.0121033	0.259542	0.965652	0.797882	-0.427601	1
226.765	-7.31079	-6.04115	0.00350648	-0.0160858	0.239966	0.970642	0.83361	-0.289867	1
226.965	-7.23547	-6.00023	0.0040887	-0.0167049	0.261005	0.965184	0.852743	-0.354594	1
227.165	-7.19777	-5.97912	0.00474616	-0.0157899	0.285456	0.95825	0.814466	-0.476465	1
227.365	-7.05296	-5.89339	0.00493206	-0.020016	0.258491	0.965794	0.804911	-0.432417	1
227.556	-6.93866	-5.82407	0.00766987	-0.0219009	0.333977	0.942296	0.525667	1.5445	1
227.754	-6.86402	-5.7517	0.0102863	-0.0218558	0.432593	0.901266	0.297039	-0.660761	2
227.968	-6.83415	-5.71459	0.00878427	-0.0218316	0.383584	0.923206	0.636899	1.22983	1
228.187	-6.73657	-5.63048	0.0108027	-0.0226468	0.440985	0.897163	0.344617	-0.841543	2
228.387	-6.70589	-5.5924	0.00967981	-0.0230946	0.397176	0.917401	0.342364	-0.779822	2
228.625	-6.61837	-5.49829	0.0122673	-0.0238035	0.461499	0.886736	0.587646	1.16594	1
228.872	-6.5413	-5.36281	0.0158422	-0.0245252	0.542936	0.839266	0.61334	0.973542	1
229.085	-6.47927	-5.23369	0.0183692	-0.0258617	0.578449	0.815102	0.60041	0.68718	1
229.285	-6.45888	-5.0903	0.0209629	-0.0276976	0.601698	0.797968	0.817538	0.519488	1
229.485	-6.42045	-4.9362	0.023961	-0.030438	0.615589	0.787115	0.796983	0.412086	1
229.685	-6.38618	-4.77915	0.0269896	-0.033324	0.626224	0.778463	0.790776	0.430422	1
229.888	-6.34926	-4.63222	0.0301027	-0.0363343	0.635209	0.770898	0.819444	0.364464	1
230.085	-6.32145	-4.46992	0.0332438	-0.0395712	0.640823	0.765947	0.832528	0.307037	1
230.285	-6.29548	-4.30514	0.0365496	-0.0428411	0.646629	0.760723	0.819507	0.33194	1
230.485	-6.26964	-4.1526	0.0397749	-0.0461779	0.650463	0.757089	0.839646	0.268572	1
230.685	-6.2473	-3.98515	0.043213	-0.0495774	0.654789	0.752945	0.826529	0.293806	1
230.886	-6.23161	-3.85844	0.0458463	-0.0523748	0.656524	0.751087	0.850432	0.222887	1
231.085	-6.19681	-3.70287	0.0494199	-0.0558612	0.660303	0.747286	0.842576	0.266871	1
231.285	-6.17823	-3.53192	0.0528956	-0.0595755	0.661586	0.745625	0.850216	0.206422	1
231.485	-6.16074	-3.36148	0.0564168	-0.0632826	0.662796	0.743985	0.852663	0.232011	1
231.685	-6.14909	-3.19807	0.0600037	-0.0669654	0.664461	0.741894	0.84124	0.245205	1
231.885	-6.13213	-3.02418	0.0635794	-0.0708941	0.664764	0.740959	0.868189	0.182513	1
232.085	-6.11558	-2.8561	0.0672061	-0.0747934	0.66507	0.739981	0.844561	0.210016	1
232.285	-6.10395	-2.76662	0.06519	-0.0789758	0.637228	0.763841	0.381426	-0.451145	2
232.485	-6.08767	-2.68735	0.0631719	-0.0815063	0.611308	0.784646	0.391322	-0.156095	2
232.685	-6.06694	-2.60316	0.0620065	-0.082959	0.596912	0.795594	0.434855	-0.121764	2
232.885	-6.04143	-2.51355	0.0610039	-0.0846584	0.582739	0.805932	0.465652	-0.111265	2
233.086	-6.01214	-2.42443	0.0599575	-0.0865411	0.567649	0.816511	0.484812	-0.116633	2
233.285	-5.98294	-2.38983	0.0596836	-0.0850828	0.568728	0.815933	0	0.8	3
233.485	-5.98147	-2.3889	0.0621509	-0.0787464	0.605932	0.789166	0	0.8	3
233.685	-5.97542	-2.36168	0.0632478	-0.0747942	0.630947	0.769618	0.210883	0.291142	2
233.886	-5.92485	-2.30178	0.0640695	-0.0701027	0.656075	0.748696	0.203882	0.326308	2
234.085	-5.92112	-2.27045	0.0647057	-0.0665277	0.678312	0.72889	0	0.8	3
234.285	-5.92001	-2.23826	0.0653556	-0.0635519	0.701048	0.707263	0.221731	0.31879	2
234.485	-5.94606	-2.25797	0.0655609	-0.0609558	0.719982	0.688195	0	0.8	3
234.685	-5.94758	-2.23764	0.0666524	-0.0549029	0.752445	0.65297	0.108108	0.685856	2
234.885	-5.95056	-2.22924	0.0673605	-0.0477069	0.787638	0.610584	0.111318	0.684877	2
235.085	-5.95944	-2.20864	0.0678087	-0.042982	0.816358	0.571939	0.167468	0.594029	2
235.285	-5.95224	-2.1854	0.0677856	-0.0374527	0.845918	0.527661	0.172037	0.569057	2
235.485	-5.95432	-2.15947	0.0675548	-0.0335176	0.871171	0.485154	0	0.8	3
235.685	-5.95482	-2.15713	0.0662754	-0.0262385	0.899409	0.431258	0	0.8	3
235.885	-5.99979	-2.08754	0.0651776	-0.0205021	0.922818	0.379129	0	0.8	3
236.085	-6.00501	-2.08169	0.0631389	-0.015198	0.942977	0.326462	0.209997	0.292309	2
236.285	-6.01666	-2.05172	0.0623702	-0.0178036	0.941163	0.33167	0.214125	-0.249543	2
236.485	-6.04822	-2.02558	0.0613697	-0.0221682	0.932543	0.355115	0.214259	-0.263226	2
236.685	-6.07432	-2.00016	0.0596731	-0.0244641	0.924493	0.375705	0.214148	-0.25253	2
236.886	-6.06289	-1.99797	0.0579238	-0.0222424	0.932487	0.355835	0.214279	-0.264734	2
237.085	-6.09337	-1.97047	0.0559402	-0.022904	0.924836	0.375532	0.214075	-0.239701	2
237.285	-6.13189	-1.94625	0.0541745	-0.0207443	0.933007	0.355153	0.21422	-0.259946	2
237.485	-6.19796	-1.90465	0.0522838	-0.0212127	0.926184	0.372826	0.214206	-0.258629	2
237.685	-6.2274	-1.876	0.0503867	-0.0216309	0.918653	0.391241	0.214067	-0.236803	2
237.885	-6.23949	-1.81774	0.0484654	-0.0220472	0.910196	0.410741	0.214062	-0.228362	2
238.085	-6.30613	-1.73436	0.0480946	-0.0264605	0.87903	0.473595	0.62454	-1.38364	1
238.285	-6.36294	-1.63081	0.0469781	-0.0322969	0.830063	0.554747	0.57984	-1.40173	1
238.485	-6.39138	-1.54745	0.0451377	-0.036898	0.790835	0.609247	0.632174	-1.31375	1
238.685	-6.37607	-1.42971	0.0412758	-0.0436528	0.733937	0.676556	0.621281	-1.20534	1
238.885	-6.40213	-1.36679	0.0377636	-0.0497246	0.678268	0.732157	0.649987	-1.16331	1
239.085	-6.40249	-1.21997	0.0347372	-0.05556	0.600615	0.796849	0.679443	-1.06491	1
239.285	-6.35623	-1.09171	0.0360404	-0.0601909	0.533553	0.842852	0.683316	-0.986367	1
239.485	-6.28076	-0.952741	0.0337147	-0.0652576	0.46239	0.883629	0.68572	-0.910778	1
239.685	-6.24463	-0.931452	0.0312	-0.067079	0.425253	0.902046	0.362626	-0.406148	2
239.886	-6.20409	-0.877122	0.0287799	-0.0678266	0.39473	0.915838	0.362626	-0.406148	2
240.085	-6.16228	-0.825246	0.0256912	-0.0687998	0.355864	0.931648	0.381047	-1.13806	2
240.285	-6.10791	-0.781523	0.0189939	-0.0707527	0.26924	0.960283	0.359182	-1.45655	2
240.485	-6.02759	-0.727967	0.0143319	-0.0735755	0.206334	0.975606	0.923596	-0.0199972	1
240.685	-5.86247	-0.65401	0.0167593	-0.078038	0.220699	0.972071	0.906358	-0.0797814	1
240.885	-5.68912	-0.556055	0.0170999	-0.082537	0.213761	0.973243	0.821697	-0.452659	1
241.085	-5.58144	-0.509323	0.0163704	-0.0856769	0.198615	0.976188	0.833848	-0.330814	1
241.285	-5.42639	-0.44719	0.0166567	-0.089957	0.192919	0.97694	0.859619	-0.139756	1
241.485	-5.28461	-0.38041	0.0179888	-0.0943302	0.198347	0.975416	0.800503	-0.251349	1
241.685	-5.15459	-0.327213	0.0203409	-0.0968092	0.209145	0.972868	0	0.8	3
241.885	-5.16563	-0.352815	0.0260804	-0.0913164	0.264283	0.959758	0.200785	0.410741	2
242.085	-5.13052	-0.331825	0.027144	-0.0901686	0.293146	0.951419	0.202495	0.382934	2
242.285	-5.09667	-0.308596	0.0292343	-0.087577	0.321657	0.942344	0.20591	0.332829	2
242.485	-4.93261	-0.235285	0.0269784	-0.0864882	0.304178	0.948297	0.214724	-0.288889	2
242.685	-4.90768	-0.21806	0.0270232	-0.0840238	0.307097	0.947577	0	0.8	3
242.885	-4.8814	-0.198489	0.0257796	-0.0825477	0.30472	0.948508	0.214272	-0.26425	2
243.085	-4.82116	-0.147166	0.0261495	-0.0799728	0.316994	0.944688	0.2149	-0.295779	2
243.285	-4.78805	-0.122698	0.0240377	-0.0788974	0.298427	0.950862	0.214217	-0.259657	2
243.486	-4.75394	-0.0995471	0.0222403	-0.0776958	0.282488	0.955861	0.214124	-0.21192	2
243.685	-4.73647	-0.0754182	0.021404	-0.0765923	0.276638	0.957678	0.214076	-0.239913	2
243.885	-4.70081	-0.0518023	0.0189115	-0.0756965	0.251105	0.96481	0.236535	-0.504738	2
244.085	-4.66094	-0.0307742	0.0158609	-0.0749571	0.216898	0.973183	0.233314	-0.489075	2
244.293	-4.66884	-0.0351153	0.0170787	-0.0759904	0.230165	0.97003	0.344629	-0.812094	2
244.485	-4.58348	0.000904078	0.0141926	-0.077574	0.192262	0.97817	0.797442	0.560345	1
244.658	-4.44407	0.0632741	0.0192425	-0.0798044	0.244375	0.9662	0.702511	0.522482	1
244.835	-4.35284	0.0956624	0.0222889	-0.081474	0.27324	0.95823	0.857373	0.2828	1
245.036	-4.21384	0.185945	0.0257826	-0.0844963	0.300801	0.949587	0.88823	0.22316	1
245.235	-4.0752	0.2867	0.0289778	-0.0877779	0.32156	0.942366	0.89476	0.195698	1
245.435	-3.91609	0.399773	0.0317511	-0.0912612	0.336088	0.936861	0.878878	0.126261	1
245.635	-3.76542	0.515636	0.0342408	-0.0948942	0.346383	0.932653	0.918155	0.0569914	1
245.835	-3.63011	0.633192	0.0364337	-0.0988933	0.352202	0.929971	0.914179	0.0992266	1
246.035	-3.51763	0.741806	0.0388235	-0.102763	0.359425	0.926685	0.935779	0.0467599	1
246.235	-3.42032	0.832675	0.0403362	-0.105813	0.361952	0.925293	0.931114	0.0285425	1
246.435	-3.28564	0.957653	0.0423802	-0.110118	0.364461	0.923713	0.941709	0.0281481	1
246.635	-3.15318	1.08043	0.044331	-0.114276	0.366511	0.922305	0.941961	-0.0263176	1
246.835	-2.98687	1.19803	0.0457257	-0.118799	0.363716	0.922771	0.930983	0.0311028	1
247.035	-2.85455	1.3221	0.047691	-0.12307	0.365443	0.921429	0.925145	-0.0110244	1
247.235	-2.77672	1.47344	0.0496736	-0.127415	0.367004	0.920112	0.93925	-0.0216768	1
247.435	-2.64393	1.59922	0.0511894	-0.131908	0.365547	0.919975	0.931337	-0.0135496	1
247.635	-2.51176	1.72357	0.0525056	-0.136387	0.363616	0.920014	0.92522	-0.0415853	1
247.835	-2.29225	1.80312	0.0536574	-0.141028	0.360317	0.920545	0.934374	0.0395587	1
248.035	-2.15902	1.92702	0.0556625	-0.145274	0.362755	0.918807	0.929058	0.00127415	1
248.235	-2.02663	2.05123	0.0574221	-0.149621	0.363553	0.917685	0.945027	0.0384427	1
248.435	-1.88467	2.1763	0.0585354	-0.154229	0.359776	0.91834	0.932524	0.0331166	1
248.635	-1.78386	2.27011	0.0605015	-0.156255	0.362769	0.916691	0.925063	0.0282889	1
248.835	-1.65053	2.39618	0.0629709	-0.158151	0.365992	0.914917	0.936412	0.0243521	1
249.035	-1.50226	2.52158	0.064584	-0.160316	0.366054	0.914403	0.942999	0.0150942	1
249.235	-1.36872	2.64897	0.0654379	-0.162195	0.366412	0.913867	0.93264	0.0461365	1
249.435	-1.2113	2.79167	0.0662591	-0.164092	0.366568	0.913406	0.922094	0.0350459	1
249.635	-1.07865	2.91887	0.0671345	-0.165934	0.367079	0.912805	0.936232	0.0395252	1
249.835	-0.946686	3.0458	0.0680341	-0.16774	0.367752	0.912136	0.883152	0.043816	1
253.435	-0.397093	3.81802	0.0766208	-0.135888	0.470079	0.868729	0.234161	-0.256573	2
253.635	-0.386319	3.833	0.0789712	-0.130993	0.49499	0.85533	0	0.8	3
253.835	-0.378189	3.84772	0.0798683	-0.128372	0.508501	0.847684	0.214061	-0.231324	2
254.035	-0.363593	3.87491	0.0749973	-0.131816	0.490577	0.858099	0.21509	-0.15239	2
254.235	-0.342694	3.91084	0.0714077	-0.132523	0.476062	0.866432	0.214655	-0.285917	2
254.435	-0.327682	3.94283	0.0675194	-0.132489	0.456202	0.877364	0.218143	-0.365856	2
254.635	-0.365699	3.9515	0.063369	-0.132517	0.434012	0.888852	0.215322	-0.309577	2
254.835	-0.340403	3.98395	0.0591732	-0.132423	0.410868	0.900083	0.215646	-0.318487	2
255.035	-0.309831	4.01782	0.0549734	-0.132241	0.387173	0.910817	0.216662	-0.341006	2
255.235	-0.273185	4.05414	0.0483402	-0.132935	0.347472	0.92696	0.233886	-0.647326	2
255.435	-0.239332	4.08251	0.0427909	-0.133061	0.3127	0.939512	0.230456	-0.350213	2
255.635	-0.203585	4.10856	0.0395485	-0.132401	0.291805	0.946444	0.228907	-0.269745	2
255.835	-0.134678	4.18811	0.0377318	-0.131196	0.282119	0.949617	0.228997	-0.301605	2
256.035	-0.0974421	4.21161	0.0346514	-0.130273	0.263552	0.95518	0.228007	-0.274255	2
256.235	-0.0593788	4.23357	0.0315506	-0.129251	0.245503	0.960222	0.227961	-0.287353	2
256.435	-0.0696907	4.25008	0.0305133	-0.128088	0.241607	0.961399	0.227956	-0.284043	2
256.635	-0.0305886	4.27019	0.0276824	-0.126891	0.226152	0.965395	0.227049	-0.212781	2
256.835	0.00916025	4.28906	0.0250896	-0.125601	0.212545	0.96872	0.228162	-0.311308	2
257.035	0.0292349	4.32122	0.0213306	-0.124438	0.190494	0.973536	0.22705	-0.23664	2
257.235	0.0703566	4.33699	0.0190104	-0.123047	0.176902	0.976322	0.227012	-0.233607	2
257.435	0.111926	4.35157	0.0165688	-0.121579	0.16255	0.979041	0.228523	-0.306781	2
257.635	0.240575	4.37015	0.0142244	-0.120176	0.147219	0.981673	0.227527	-0.249691	2
257.835	0.283067	4.38218	0.0122349	-0.118774	0.134078	0.983751	0.226687	-0.211256	2
258.035	0.325858	4.39317	0.0109119	-0.117512	0.123229	0.985336	0.227654	-0.25473	2
258.235	0.304476	4.39816	0.00973677	-0.116169	0.114849	0.986519	0.227418	-0.221865	2
258.435	0.347791	4.40752	0.008496	-0.115035	0.102881	0.987983	0.227225	-0.21965	2
258.635	0.391337	4.41587	0.0076256	-0.114017	0.0919606	0.989184	0.224497	-0.117131	2
258.835	0.400118	4.41394	0.00827796	-0.113463	0.0913496	0.989299	0.229083	-0.272437	2
259.035	0.443937	4.42128	0.00736372	-0.112539	0.0791666	0.990461	0.226771	-0.187638	2
259.235	0.487842	4.42761	0.00657515	-0.111555	0.0690702	0.991333	0.225596	-0.151404	2
259.435	0.652895	4.47024	0.00448474	-0.110364	0.0507824	0.992583	0.224559	-0.11752	2
259.635	0.696887	4.47409	0.00363615	-0.109111	0.0433529	0.993077	0.21175	-0.562234	2
259.835	0.737483	4.47641	-0.000715772	-0.107354	0.0112103	0.994157	0.209997	-0.329167	2
260.035	0.762188	4.49434	-0.00281115	-0.106224	-0.0131925	0.994251	0.207151	-0.194245	2
260.235	0.8025	4.4928	-0.00334304	-0.104966	-0.0222655	0.994221	0.206866	-0.105204	2
260.435	0.842889	4.49079	-0.00386897	-0.103535	-0.0277923	0.99423	0.205273	0.015716	2
260.635	0.876164	4.48386	-0.00334543	-0.102101	-0.0235733	0.994489	0.206255	-0.0297466	2
260.835	0.916541	4.482	-0.00343126	-0.100669	-0.0247108	0.994607	0.205197	-0.0220322	2
261.035	0.956933	4.48003	-0.00363493	-0.0992414	-0.0269031	0.994693	0.205229	-0.00268086	2
261.235	0.958221	4.44896	-0.0026451	-0.0978348	-0.0177369	0.995041	0.205117	0.046294	2
261.435	0.98848	4.4481	-0.00232359	-0.096713	-0.0148701	0.995199	0.20235	0.0654758	2
261.635	1.03507	4.44634	-0.00205406	-0.0952689	-0.0116336	0.995381	0.20408	0.0171836	2
261.835	1.07576	4.44549	-0.00195714	-0.093841	-0.0108358	0.995526	0.206089	-0.0160301	2
262.035	1.11619	4.44467	-0.00207716	-0.0924284	-0.0119876	0.995645	0.203473	0.00633347	2
262.235	1.15781	4.44451	-0.00175733	-0.0909993	-0.00937174	0.995805	0.204006	0.0333785	2
262.435	1.19803	4.44396	-0.00163916	-0.0895754	-0.00772708	0.995949	0.203636	0.0129149	2
262.635	1.23813	4.44347	-0.00151659	-0.0881493	-0.0065922	0.996084	0.203544	0.0172271	2
262.835	1.27391	4.44232	-0.00160324	-0.0867245	-0.00762178	0.996202	0.203568	0.0287444	2
263.035	1.3141	4.44186	-0.00144044	-0.085308	-0.00587864	0.996336	0.204316	-0.0076294	2
263.235	1.35425	4.44144	-0.00146035	-0.0838976	-0.00601994	0.996455	0.204624	-0.00189184	2
263.435	1.47155	4.44491	-0.00150436	-0.0824924	-0.00679988	0.996567	0.20358	0.0321289	2
263.635	1.51176	4.44451	-0.00136864	-0.0810866	-0.00519032	0.996693	0.204859	0.00338845	2
263.835	1.55204	4.44417	-0.0012565	-0.0796883	-0.00399572	0.996811	0.203025	0.01147	2
264.035	1.5679	4.44193	-0.00118355	-0.0786714	-0.00309913	0.996895	0.203621	-0.0200993	2
264.235	1.60559	4.44138	-0.00118964	-0.0772665	-0.00308747	0.997005	0.202853	-0.00777556	2
264.435	1.64554	4.44117	-0.00111344	-0.0758607	-0.00241117	0.997115	0.205049	0.00105922	2
264.635	1.68295	4.44303	-0.00121551	-0.0744739	-0.00337474	0.997217	0.203006	-0.00253276	2
264.835	1.72297	4.44277	-0.00118977	-0.0730793	-0.00336042	0.99732	0.202574	-0.0145539	2
265.035	1.763	4.4425	-0.00123962	-0.0716906	-0.00399272	0.997418	0.204896	-0.0585783	2
265.235	1.80412	4.44122	-0.00130464	-0.07032	-0.00520065	0.99751	0.203286	0.041257	2
265.435	1.84419	4.4409	-0.00127978	-0.0689354	-0.00470889	0.997609	0.203835	-0.0317442	2
265.635	1.88428	4.44048	-0.001318	-0.0675591	-0.00566736	0.997698	0.201256	0.0632579	2
265.835	1.91577	4.43898	-0.00105842	-0.066179	-0.00194272	0.997805	0.202149	0.0663311	2
266.035	1.95593	4.43896	-0.00101543	-0.0648071	-0.000944961	0.997897	0.202541	0.0602773	2
266.235	2.05044	4.4395	-0.00106341	-0.0634334	-0.00178299	0.997984	0.203105	-0.0272024	2
266.435	2.08047	4.43935	-0.00113762	-0.0623663	-0.00303704	0.998048	0.20124	0.0799922	2
266.635	2.12047	4.43922	-0.00105137	-0.0609928	-0.00166408	0.998136	0.202551	-0.00253464	2
266.835	2.16438	4.43965	-0.00101657	-0.0596296	-0.00139675	0.998219	0.202321	0.0293935	2
267.035	2.20449	4.43965	-0.000910091	-0.0582588	6.52119e-05	0.998301	0.204561	-0.00167324	2
267.235	2.24462	4.4397	-0.000845456	-0.0569017	0.00109656	0.998379	0.203987	-0.031577	2
267.435	2.29308	4.4384	-0.000903445	-0.0555522	0.00034631	0.998455	0.202419	0.016149	2
267.635	2.33311	4.43845	-0.000898381	-0.0542077	0.000242432	0.998529	0.204363	-0.033414	2
267.835	2.37309	4.43841	-0.000880489	-0.0528655	-0.00043615	0.998601	0.204335	-0.0177983	2
268.035	2.41083	4.438	-0.000881228	-0.0515362	-0.000985533	0.99867	0.203462	-0.000381155	2
268.235	2.4509	4.43796	-0.000767319	-0.0501972	3.08167e-05	0.998739	0.203041	0.00277121	2
268.435	2.49094	4.43799	-0.00072455	-0.048862	0.000418357	0.998805	0.203145	0.0116398	2
268.635	2.5436	4.43828	-0.000647245	-0.0475309	0.00135829	0.998869	0.202525	0.0533767	2
268.835	2.58358	4.43849	-0.000582686	-0.0461946	0.00237137	0.998929	0.204181	-0.0492222	2
269.035	2.61362	4.44065	-0.000602946	-0.0452457	0.000624371	0.998976	0.203954	-0.00583657	2
269.235	2.65367	4.44116	-0.000589928	-0.0439259	0.00071596	0.999034	0.203653	-0.0100528	2
269.435	2.69375	4.4412	-0.000550336	-0.042611	0.000768992	0.999091	0.204057	-0.00811702	2
269.635	2.72512	4.44004	-0.00054294	-0.0413058	0.000731247	0.999146	0.202034	0.0397693	2
269.836	2.76511	4.44012	-0.000484981	-0.0399882	0.00115924	0.999199	0.202095	0.00692128	2
270.036	2.80499	4.44021	-0.000436503	-0.038669	0.00123399	0.999251	0.201043	0.0529459	2
270.235	2.85507	4.4439	-0.000281597	-0.0373517	0.00477374	0.999291	0.204341	-0.0671399	2
270.435	2.89512	4.44412	-0.000300292	-0.0360548	0.00302795	0.999345	0.201829	0.0294424	2
270.635	2.93507	4.4444	-0.000277175	-0.034749	0.00330953	0.999391	0.201961	0.0411661	2
270.835	2.98583	4.44322	-0.000190906	-0.0334471	0.00515751	0.999427	0.20281	-0.00667083	2
271.035	3.02595	4.44358	-0.000194396	-0.0321609	0.00414944	0.999474	0.202265	0.00338746	2
271.235	3.0659	4.44391	-0.000148216	-0.0308631	0.00420953	0.999515	0.202648	0.00824399	2
271.435	3.09783	4.44169	-0.000197696	-0.0295671	0.00148756	0.999562	0.203344	0.010642	2
271.635	3.12788	4.44179	-0.000184494	-0.0285614	0.00152427	0.999591	0.214116	0.170499	2
271.836	3.17018	4.44242	0.000163525	-0.027351	0.0101783	0.999574	0.215081	0.158527	2
272.035	3.2306	4.46935	0.000405665	-0.0261671	0.0192969	0.999471	0.216096	0.129851	2
272.236	3.27353	4.47142	0.000616847	-0.0249962	0.0280441	0.999294	0.219215	0.0452229	2
272.435	3.3163	4.4558	0.000731434	-0.0238986	0.0339318	0.999138	0.217949	0.0736156	2
272.636	3.35951	4.45879	0.000832471	-0.0227656	0.03889	0.998984	0.221259	-0.0124707	2
272.839	3.40296	4.46194	0.000874989	-0.0216507	0.0415359	0.998902	0.222638	-0.0537239	2
273.035	3.43989	4.46258	0.000819239	-0.0205578	0.0410861	0.998944	0.222792	-0.0584052	2
273.235	3.48345	4.46551	0.00039911	-0.0195278	0.0263968	0.999461	0.22884	-0.463686	2
273.435	3.52695	4.46629	-0.000126454	-0.0185608	-0.00289083	0.999824	0.221438	-0.405634	2
273.635	3.56454	4.46052	-0.000497091	-0.0175514	-0.0257132	0.999515	0.221284	-0.404069	2
273.835	3.60654	4.45718	-0.000839387	-0.0165257	-0.0499938	0.998612	0.215492	-0.314405	2
274.035	3.64792	4.4521	-0.00110343	-0.0154719	-0.0717407	0.997303	0.214293	-0.265797	2
274.235	3.66709	4.44174	-0.000550019	-0.0138075	-0.0546922	0.998408	0.214698	-0.287791	2
274.435	3.70308	4.43667	-0.000747965	-0.0124527	-0.0623335	0.997977	0.214313	-0.267205	2
274.635	3.72809	4.43282	-0.000279515	-0.0104346	-0.0483624	0.998775	0.21426	-0.263268	2
274.835	3.78266	4.42816	-0.000503495	-0.00922133	-0.059257	0.9982	0.217771	-1.09767	2
275.035	3.8233	4.42167	-0.00062958	-0.00825995	-0.0994644	0.995007	0.231638	-0.0383197	2
275.235	3.86942	4.41296	-0.00057548	-0.0072994	-0.107355	0.994194	0.268857	-0.0826676	2
275.435	3.93185	4.42513	-0.00079362	-0.00695071	-0.134958	0.990827	0.392984	-0.456107	2
275.635	4.00688	4.40278	-0.00120251	-0.00761671	-0.176077	0.984346	0.455303	-0.574894	2
275.835	4.08825	4.37028	-0.0018213	-0.00860145	-0.224342	0.974471	0.481509	-0.638691	2
276.035	4.17105	4.31545	-0.00258721	-0.00968969	-0.271431	0.962406	0.477418	-0.554951	2
276.235	4.20597	4.29316	-0.00200101	-0.00822319	-0.258664	0.96593	0	0.8	3
276.435	4.20428	4.28433	-0.00095592	-0.00536395	-0.203072	0.979149	0.250519	0.158464	2
276.636	4.24772	4.26645	-0.000609878	-0.00418931	-0.191869	0.981411	0.205976	0.318528	2
276.835	4.27848	4.2537	-0.000297985	-0.00294964	-0.175674	0.984444	0.183251	0.366846	2
277.036	4.31336	4.24178	5.37556e-05	-0.0012683	-0.150179	0.988658	0.209355	0.33378	2
277.235	4.35413	4.23057	0.000186305	-5.12029e-05	-0.130131	0.991497	0.217868	0.316982	2
277.435	4.37621	4.23021	7.68193e-05	0.000113199	-0.113028	0.993592	0.213235	0.339004	2
277.635	4.41839	4.22218	0.000106651	4.07662e-05	-0.0923271	0.995729	0	0.8	3
277.835	4.42265	4.22086	4.96387e-05	0.000376713	-0.0280911	0.999605	0	0.8	3
278.035	4.51032	4.22971	4.57001e-05	9.35234e-05	0.0199744	0.9998	0	0.8	3
278.235	4.51401	4.229	-2.27729e-05	0.000266758	0.0858362	0.996309	0	0.8	3
278.435	4.48583	4.22843	2.99944e-06	0.000383491	0.152527	0.988299	0	0.8	3
278.635	4.49035	4.22816	-9.9604e-05	0.000233249	0.213448	0.976954	0.222085	0.208857	2
278.835	4.52944	4.23428	3.10974e-05	0.000125043	0.231102	0.97293	0.226099	-0.117325	2
279.035	4.56847	4.25283	4.51618e-05	0.00012788	0.226079	0.974109	0.227375	-0.253091	2
279.235	4.59785	4.26639	-5.83947e-05	0.00011895	0.214417	0.976742	0.226476	-0.205505	2
279.435	4.67523	4.28867	3.98243e-05	5.2836e-05	0.197533	0.980296	0.2263	-0.193466	2
279.635	4.71966	4.3047	1.57773e-05	0.000124192	0.18663	0.98243	0.227526	-0.267119	2
279.835	4.76029	4.31924	3.09234e-05	6.4472e-05	0.174145	0.98472	0.226697	-0.217374	2
280.035	4.8065	4.32922	3.84177e-05	9.58379e-05	0.167809	0.98582	0.227301	-0.249766	2
280.236	4.8478	4.34211	2.65261e-05	7.01029e-05	0.153793	0.988103	0.225804	-0.172451	2
280.435	4.88952	4.3539	4.56972e-05	6.1394e-06	0.141352	0.989959	0.226738	-0.215559	2
280.635	4.9001	4.35272	2.05678e-05	4.29629e-05	0.139478	0.990225	0.226932	-0.222524	2
280.835	4.94222	4.36318	6.26294e-06	7.02006e-05	0.129677	0.991556	0.226045	-0.183486	2
281.035	4.98454	4.37286	3.37726e-05	8.34056e-05	0.120768	0.992681	0.225994	-0.174096	2
281.235	5.01577	4.3765	5.15819e-05	3.03922e-07	0.116946	0.993138	0.225125	-0.142167	2
281.435	5.05829	4.38518	3.0692e-05	2.8273e-05	0.111115	0.993808	0.225902	-0.167407	2
281.635	5.10104	4.39338	2.43471e-05	8.69531e-05	0.10355	0.994624	0.225491	-0.143033	2
281.835	5.13434	4.40825	3.38623e-05	3.55471e-05	0.096779	0.995306	0.22421	-0.105894	2
282.035	5.17719	4.41535	3.58057e-05	9.83701e-05	0.0920073	0.995758	0.225348	-0.142128	2
282.235	5.22018	4.42204	2.92795e-05	-2.66413e-05	0.0851908	0.996365	0.226265	-0.175591	2
282.435	5.2712	4.42758	4.91772e-05	-2.04322e-05	0.0743766	0.99723	0.226916	-0.197878	2
282.635	5.31455	4.43276	5.00593e-05	-3.07803e-05	0.0652403	0.99787	0.224254	-0.0998516	2
282.835	5.35188	4.43635	-1.34172e-05	5.32327e-05	0.0614404	0.998111	0.225137	-0.135485	2
283.035	5.3766	4.4374	5.05715e-05	-1.06663e-05	0.0551513	0.998478	0.223279	-0.0725071	2
283.235	5.41994	4.44107	4.24916e-05	2.57933e-06	0.0505376	0.998722	0.222455	-0.0480826	2
283.435	5.4728	4.44604	-1.02764e-05	5.28174e-05	0.0425056	0.999096	0.224627	-0.107919	2
283.635	5.51622	4.4488	4.86101e-05	1.50353e-05	0.0367413	0.999325	0.223732	-0.082793	2
283.835	5.55948	4.45126	3.85848e-05	1.08007e-05	0.034127	0.999418	0.224222	-0.0998207	2
284.035	5.61375	4.45346	4.15922e-05	-5.43889e-06	0.0261934	0.999657	0.223124	-0.0648037	2
284.235	5.65702	4.45519	7.33295e-05	2.09359e-05	0.0236737	0.99972	0.222904	-0.0617942	2
284.435	5.68949	4.45641	-2.41558e-05	6.55365e-05	0.0215427	0.999768	0.221083	-0.00962791	2
284.635	5.72265	4.45857	3.59492e-05	-4.37433e-05	0.0242213	0.999707	0.219901	0.0239803	2
284.835	5.7652	4.46053	-9.0474e-06	2.91885e-05	0.0219116	0.99976	0.221999	-0.0344503	2
285.035	5.80841	4.46207	1.95972e-05	-2.64831e-05	0.0198426	0.999803	0.221654	-0.0251952	2
285.235	5.83804	4.46313	3.45507e-05	-1.51042e-05	0.0216874	0.999765	0.231844	-0.481261	2
285.435	5.88177	4.46409	1.89038e-05	-2.0849e-05	-0.00736302	0.999973	0.223409	-0.42401	2
285.635	5.92406	4.46273	6.24816e-05	1.42657e-05	-0.0375562	0.999295	0.2207	-0.397914	2
285.835	6.02235	4.46081	5.1304e-05	-2.56203e-05	-0.0771535	0.997019	0.215664	-0.318949	2
286.035	6.06286	4.45447	2.394e-05	-1.07163e-05	-0.103341	0.994646	0.214223	-0.260168	2
286.236	6.08412	4.45011	8.9147e-05	0.000232283	-0.0823822	0.996601	0.214881	-0.295078	2
286.435	6.07588	4.44844	4.00506e-05	6.5972e-05	-0.0956771	0.995412	0	0.8	3
286.635	6.09994	4.44517	5.27672e-05	4.31991e-05	-0.079624	0.996825	0.214564	-0.281661	2
286.835	6.14016	4.43906	5.05873e-05	1.64957e-05	-0.101393	0.994846	0.21415	-0.252763	2
287.035	6.17005	4.43356	6.34623e-05	3.59312e-05	-0.118441	0.992961	0.214501	-0.18022	2
287.235	6.2251	4.35718	4.96881e-05	5.53114e-05	-0.138725	0.990331	0.214816	-0.164009	2
287.435	6.26451	4.3469	4.02402e-05	2.99621e-05	-0.155942	0.987766	0.215175	-0.305132	2
287.636	6.30318	4.33503	6.85866e-05	1.81774e-05	-0.181357	0.983417	0.218348	-0.368837	2
287.835	6.08163	4.44848	7.45154e-05	7.52188e-05	-0.204673	0.97883	0.217111	-0.349288	2
288.035	6.11873	4.43271	6.48676e-05	0.000100871	-0.235135	0.971963	0.217124	-0.349512	2
288.235	6.19331	4.38219	9.76323e-05	0.000100939	-0.269443	0.963016	0.214258	-0.263161	2
288.435	6.22767	4.3616	3.29087e-05	6.73428e-05	-0.294106	0.955773	0.215816	-0.322753	2
288.635	6.26089	4.33908	0.000117558	0.000188756	-0.320746	0.947165	0.216205	-0.331661	2
288.835	6.34554	4.35494	8.30839e-05	8.3331e-05	-0.350673	0.936498	0.21967	-0.386147	2
289.035	6.37591	4.32803	0.000106281	0.000105492	-0.379119	0.925348	0.239637	-0.727551	2
289.235	6.40606	4.29677	1.59343e-05	6.0093e-05	-0.426849	0.904323	0.230783	-0.310146	2
289.435	6.28941	4.21809	0.00012003	9.21598e-05	-0.432453	0.901657	0.229495	-0.241221	2
289.635	6.31596	4.1838	2.81942e-05	4.98212e-05	-0.446621	0.894723	0.229602	-0.261986	2
289.836	6.34137	4.14876	6.92479e-05	2.93189e-05	-0.460927	0.887438	0.229203	-0.358469	2
290.035	6.49599	4.18605	6.70009e-05	4.64344e-05	-0.48754	0.873101	0.228296	-0.211707	2
290.236	6.51785	4.14873	5.75041e-05	0.000181879	-0.500138	0.865946	0.227801	-0.217234	2
290.435	6.53852	4.11085	5.65822e-05	5.27473e-05	-0.512075	0.858941	0.22787	-0.265155	2
290.635	6.57106	4.0737	3.44631e-05	0.000132591	-0.528535	0.848912	0.227295	-0.243074	2
290.835	6.58895	4.03454	7.20869e-05	2.84784e-05	-0.542312	0.840177	0.227239	-0.236687	2
291.035	6.60551	3.9947	6.25315e-05	-8.69086e-06	-0.554246	0.832353	0.226427	-0.202878	2
291.235	6.76504	3.7953	5.327e-05	2.13979e-05	-0.569709	0.821846	0.226643	-0.211318	2
291.435	6.7789	3.75437	9.34503e-05	5.35413e-05	-0.580642	0.814159	0.227082	-0.234394	2
291.635	6.79159	3.71302	7.73359e-05	3.87289e-05	-0.590333	0.80716	0.226445	-0.202157	2
291.835	6.78028	3.69302	4.44731e-05	-4.25034e-05	-0.596257	0.802793	0.224891	-0.131695	2
292.035	6.7887	3.6617	5.51816e-05	4.72562e-05	-0.600417	0.799687	0.226841	-0.220809	2
292.235	6.79936	3.61963	6.40052e-05	0.000121894	-0.610456	0.79205	0.227596	-0.243594	2
292.435	6.80794	3.55707	2.59044e-05	3.45602e-05	-0.619039	0.78536	0.226925	-0.216983	2
292.635	6.81659	3.51449	3.96741e-05	-2.08306e-05	-0.626897	0.779103	0.226954	-0.204987	2
292.835	6.82227	3.48637	3.46583e-05	-1.49497e-05	-0.630928	0.775841	0.227065	-0.211293	2
293.035	6.82968	3.44349	5.21538e-05	1.04182e-05	-0.637092	0.770788	0.227447	-0.217845	2
293.235	6.8364	3.40043	4.92413e-05	-2.23515e-05	-0.644516	0.76459	0.22577	-0.162432	2
293.435	6.84755	3.3594	3.10196e-05	-3.02439e-05	-0.650098	0.75985	0.233779	-0.491449	2
293.635	6.86051	3.3193	1.4311e-05	-6.08688e-05	-0.67338	0.739297	0.223556	-0.425272	2
293.835	6.86292	3.27684	8.79764e-07	-6.68983e-05	-0.694431	0.719559	0.222423	-0.41518	2
294.035	6.85406	3.23782	1.8673e-05	-6.29003e-05	-0.713446	0.70071	0.218169	-0.366234	2
294.235	6.84755	3.1982	-1.16081e-06	-7.25838e-05	-0.730532	0.682878	0.215715	-0.320241	2
294.435	6.84456	3.1573	3.1587e-05	-5.41203e-05	-0.746039	0.665902	0.21452	-0.279513	2
294.635	6.84274	3.14088	4.26338e-05	-0.000104327	-0.734653	0.678443	0.21568	-0.31937	2
294.835	6.83866	3.08932	6.26694e-06	-4.05494e-05	-0.743668	0.66855	0.214332	-0.268545	2
295.035	6.8346	3.04872	-1.82738e-07	-5.55427e-05	-0.757509	0.652825	0	0.8	3
295.235	6.83223	3.02706	-1.22841e-05	-6.39521e-05	-0.741447	0.671011	0.214643	-0.285391	2
295.435	6.82809	2.99453	-5.97811e-06	-5.84251e-05	-0.754876	0.655868	0.214061	-0.229874	2
295.635	6.82281	2.95408	3.07915e-05	-3.07957e-05	-0.767452	0.641107	0.214187	-0.204135	2
295.835	6.81601	2.91537	3.88872e-05	1.01885e-05	-0.779914	0.625886	0.214308	-0.193197	2
296.035	6.80767	2.87822	-1.18493e-05	-7.44014e-05	-0.794044	0.607861	0.221488	-0.406138	2
296.235	6.79672	2.83806	-1.26339e-05	-2.97247e-05	-0.813729	0.581245	0.22238	-0.414775	2
296.435	6.79755	2.78915	4.17231e-07	-4.32414e-05	-0.834676	0.550742	0.219809	-0.387819	2
296.635	6.78175	2.75139	2.42343e-05	-3.38678e-05	-0.853291	0.521435	0.21587	-0.324058	2
296.835	6.76377	2.71542	-3.5819e-05	2.30931e-05	0.86862	-0.49548	0.218429	-0.369986	2
297.035	6.59032	2.7955	-5.19953e-05	2.2265e-05	0.878313	-0.478086	0.216329	-0.334303	2
297.235	6.54025	2.79495	-9.69935e-05	-2.87305e-05	0.88754	-0.46073	0.216263	-0.332918	2
297.435	6.51712	2.76213	-8.45735e-05	3.46101e-05	0.8999	-0.436095	0.215968	-0.326357	2
297.635	6.49211	2.73073	-9.84627e-05	3.27386e-05	0.911269	-0.411812	0.214321	-0.267794	2
297.835	6.47419	2.68879	-8.0253e-05	-5.49649e-05	0.926023	-0.377467	0.234966	-0.538203	2
298.035	6.44243	2.65918	-3.96107e-05	6.16383e-05	0.940537	-0.339691	0.231376	-0.290992	2
298.235	6.40811	2.63318	-5.81731e-05	-2.54032e-05	0.947436	-0.319945	0.229576	-0.26892	2
298.435	6.37227	2.6104	-7.93984e-05	-4.93624e-05	0.95305	-0.302812	0.228862	-0.174642	2
298.635	6.33648	2.58605	-4.1895e-05	3.83955e-05	0.957689	-0.287806	0.227704	-0.230191	2
298.835	6.34336	2.55395	-3.72735e-05	3.7788e-05	0.96389	-0.266299	0.227659	-0.182603	2
299.035	6.30583	2.53262	-4.5877e-05	5.03548e-05	0.967808	-0.251688	0.227557	-0.209803	2
299.235	6.26765	2.51254	-6.9352e-05	1.89552e-05	0.971763	-0.235959	0.227969	-0.277272	2
299.435	6.20652	2.49749	-5.88642e-05	2.7993e-06	0.974501	-0.224384	0.227479	-0.259852	2
299.636	6.16014	2.48088	-8.52358e-05	-3.06942e-05	0.977188	-0.212377	0.226343	-0.1784	2
299.835	6.1304	2.46821	-2.56788e-05	4.99435e-05	0.979181	-0.202988	0.227938	-0.293745	2
300.035	6.09024	2.45242	-6.8144e-05	1.36301e-05	0.982114	-0.188288	0.226384	-0.200999	2
300.235	6.04209	2.44939	2.70657e-06	2.20199e-05	0.983926	-0.178579	0.227512	-0.263822	2
300.435	6.00109	2.43561	-7.4816e-05	-2.99652e-05	0.986106	-0.166116	0.226596	-0.210422	2
300.635	5.94782	2.41608	0.000287242	-4.03501e-05	0.988372	-0.152054	0.819301	-0.399843	1
300.835	5.79192	2.37191	0.00468946	0.000378698	0.990486	-0.137533	0.812795	-0.335728	1
301.035	5.63402	2.33134	0.00917682	0.000905559	0.991791	-0.127539	0.851737	-0.284205	1
301.235	5.47417	2.29248	0.0137281	0.00139964	0.992718	-0.119671	0.861824	-0.315634	1
301.435	5.40124	2.27546	0.0138332	0.00090743	0.996363	-0.0840727	0	-0.8	3
301.635	5.39696	2.27431	0.0113283	6.0814e-05	0.999611	-0.0255008	0.941299	-0.0449931	1
301.835	5.21647	2.26216	0.0172107	0.000549457	0.999426	-0.0291843	0.890393	-0.0254849	1
302.035	5.03653	2.25202	0.0227561	0.000684583	0.999268	-0.0307483	0.93108	-0.0349407	1
302.235	4.90107	2.24403	0.0271026	0.000821185	0.999115	-0.0321703	0.943094	0.000555232	1
302.435	4.71296	2.24405	0.0329056	0.00120938	0.998592	-0.0415916	0.884527	-0.0130323	1
302.635	4.53199	2.23003	0.0385278	0.00150046	0.99822	-0.0454967	0.898435	-0.0292641	1
302.835	4.35433	2.21422	0.0440136	0.00179112	0.997859	-0.048352	0.924682	0.00025649	1
303.036	4.17259	2.19246	0.0495864	0.00194375	0.997647	-0.0473073	0.895581	0.0195924	1
303.236	3.99332	2.1751	0.0551172	0.00263799	0.996881	-0.0564209	0.884601	0.0562732	1
303.435	3.81504	2.15416	0.0605641	0.00365165	0.995745	-0.0693607	0.831723	0.0763573	1
303.635	3.64931	2.13293	0.0647385	0.00468735	0.994573	-0.0813119	0.676043	0.0560331	1
303.835	3.52613	2.11269	0.067336	0.00571839	0.993364	-0.0930603	0.544027	0.0408805	1
304.035	3.42788	2.09446	0.0686954	0.0065121	0.992362	-0.102253	0.442723	0.0217716	1
304.235	3.35451	2.07349	0.069173	0.0067399	0.992106	-0.10438	0.363163	-0.000201817	1
304.435	3.28973	2.0603	0.0689028	0.00704927	0.991652	-0.108761	0.297315	-0.0172348	1
304.636	3.2398	2.04979	0.0679475	0.00715912	0.991433	-0.111326	0.244785	-0.0263289	1
304.835	3.2071	2.04165	0.0669674	0.00718107	0.991317	-0.11294	0.210301	-0.040764	1
305.035	3.16867	2.03331	0.0654487	0.00706502	0.991384	-0.113247	0.17004	-0.0474026	1
305.236	3.13783	2.02664	0.0635719	0.00684224	0.991589	-0.112526	0.137437	-0.0518548	1
305.435	3.1213	2.01849	0.0614335	0.00644981	0.992032	-0.109804	0.118888	-0.103241	1
305.635	3.10026	2.01416	0.0591246	0.00591605	0.992738	-0.104599	0.0968382	-0.104802	1
305.835	3.08217	2.01435	0.0565934	0.00562381	0.993118	-0.102383	0	0	1
306.035	3.05865	2.02036	0.0539505	0.00549533	0.993041	-0.104541	0	0	1
306.235	3.05843	2.0203	0.0513187	0.00524356	0.993182	-0.104543	0	0	1
306.435	3.06828	2.01994	0.048682	0.00502513	0.993243	-0.105226	0	0	1
306.635	3.07772	2.01959	0.0460445	0.00480168	0.9933	-0.105883	0	0	1
306.835	3.0775	2.01953	0.0434091	0.00454601	0.99342	-0.105883	0	0	1
307.035	3.07841	2.01832	0.0407724	0.00429105	0.993531	-0.105903	0	0	1
307.235	3.07859	2.01785	0.0381347	0.00403538	0.993636	-0.10591	0	0	1
307.435	3.07843	2.01781	0.0361684	0.00384438	0.99371	-0.105909	0	0	1
307.635	3.07822	2.01775	0.0335289	0.00358825	0.993804	-0.105908	0	0	1
307.835	3.07326	2.01958	0.0308856	0.00335828	0.9938	-0.106751	0	0	1
308.035	3.07305	2.01952	0.0282446	0.00309973	0.99388	-0.106748	0	0	1
308.235	3.07915	2.01917	0.0256047	0.00282222	0.994031	-0.106012	0	0	1
308.435	3.07894	2.01911	0.0229618	0.00256545	0.994097	-0.106009	0	0	1
308.635	3.07873	2.01905	0.0203182	0.00230862	0.994155	-0.106004	0	0	1
308.835	3.07995	2.01902	0.0176739	0.00205227	0.994204	-0.106031	0	0	1
309.035	3.08156	2.019	0.0150289	0.00179582	0.994244	-0.106065	0	0	1
309.235	3.08136	2.01894	0.0123835	0.00153861	0.994282	-0.106059	0	0	1
309.436	3.07886	2.01798	0.00973683	0.00128625	0.994258	-0.106554	0	0	1
309.635	3.07766	2.01753	0.00709456	0.00100708	0.994258	-0.106767	0	0	1
309.835	3.07751	2.01749	0.00510015	0.000763282	0.994272	-0.106751	0	0	1
310.035	3.07729	2.01743	0.00246891	0.000443316	0.994288	-0.106699	0	0	1
310.235	3.07863	2.02046	3.20122e-05	5.62725e-05	0.994296	-0.106654	0	0	1
310.435	3.07857	2.02043	-0.000246574	2.8585e-05	0.994297	-0.106643	0	0	1
310.635	3.07695	2.01884	-0.000249348	2.78357e-05	0.994298	-0.106633	0	0	1
