time	x	y	orientation_x	orientation_y	orientation_z	orientation_w	linear_vel	angular_vel	controller_flag
313.495	-0.0187641	-5.88527	0.00297965	-0.00200443	0.766643	0.642063	0.738851	1.66799	1
313.695	-0.0413727	-5.79646	0.00468067	-0.0030935	0.818163	0.574959	0.522492	1.46302	1
313.895	-0.149674	-5.6634	0.00659821	-0.00389683	0.866291	0.49948	0.671848	1.03062	1
314.095	-0.271265	-5.58341	0.00861197	-0.00414441	0.905548	0.424136	0.719399	0.777865	1
314.295	-0.351856	-5.4849	0.0110645	-0.00447229	0.928904	0.370127	0.786353	0.580472	1
314.495	-0.431288	-5.37983	0.0144401	-0.00503888	0.944417	0.328394	0.735963	0.489431	1
314.695	-0.553417	-5.28957	0.0177944	-0.00557386	0.953896	0.299558	0.766724	0.399604	1
314.895	-0.692759	-5.21694	0.021343	-0.00636077	0.957757	0.286716	0.777287	0.296525	1
315.095	-0.827306	-5.13224	0.0250255	-0.00707662	0.961288	0.274316	0.796336	0.260217	1
315.295	-0.965323	-5.04989	0.0288419	-0.00781605	0.964138	0.263715	0.814277	0.276543	1
315.495	-1.09207	-4.96398	0.032842	-0.00843008	0.967196	0.251759	0.80609	0.260361	1
315.695	-1.22222	-4.88777	0.0363233	-0.00927856	0.968173	0.247459	0.362626	-0.406148	2
315.896	-1.28062	-4.85469	0.03574	-0.0110699	0.955687	0.291996	0.363271	-1.45348	2
316.095	-1.33839	-4.80892	0.0344241	-0.0149898	0.918634	0.393322	0.363942	-0.62979	2
316.295	-1.37561	-4.76831	0.0337363	-0.0164331	0.901126	0.43193	0.436579	-0.958394	2
316.495	-1.36423	-4.7476	0.0330648	-0.019046	0.870316	0.491013	0.473098	-1.05146	2
316.695	-1.43781	-4.66211	0.0324252	-0.0219777	0.833459	0.551191	0.501654	-1.02853	2
316.895	-1.46971	-4.57028	0.0318962	-0.0251049	0.793348	0.607414	0.214106	0.292346	2
317.095	-1.46964	-4.49073	0.0309263	-0.0266259	0.765887	0.641679	0.442317	-0.775523	2
317.295	-1.48029	-4.40463	0.0304752	-0.028552	0.73677	0.674853	0.409767	-0.481921	2
317.495	-1.51601	-4.39716	0.0312267	-0.025095	0.771422	0.635061	0	1.3	3
317.695	-1.51514	-4.39293	0.0307581	-0.0183634	0.831707	0.554058	0.107696	0.689081	2
317.895	-1.52547	-4.37786	0.0296327	-0.0142068	0.871366	0.489531	0.106089	0.707439	2
318.095	-1.53739	-4.35807	0.0283597	-0.0127692	0.89645	0.442052	0.10656	0.71129	2
318.295	-1.54551	-4.33485	0.0268689	-0.011767	0.91596	0.400195	0.110217	0.704364	2
318.495	-1.56216	-4.31723	0.0253016	-0.00956464	0.935285	0.35286	0.106259	0.708861	2
318.695	-1.54144	-4.30476	0.0237089	-0.00707797	0.957076	0.288779	0.110365	0.701121	2
318.895	-1.55231	-4.29632	0.0212875	-0.00456447	0.97657	0.214097	0.10631	0.703343	2
319.095	-1.5708	-4.27868	0.0191672	-0.00311449	0.986849	0.160472	0.123854	0.660051	2
319.295	-1.63515	-4.26955	0.0171179	-0.00206041	0.992565	0.120492	0.193655	0.541932	2
319.495	-1.67354	-4.26172	0.0156311	-0.00128288	0.996288	0.0846446	0.21542	0.541842	2
319.695	-1.71783	-4.25604	0.014432	-0.000654488	0.998594	0.0510098	0.225189	0.47181	2
319.895	-1.72671	-4.24936	0.0132419	-0.000149242	0.999796	0.0152301	0.188817	0.481293	2
320.095	-1.76599	-4.24964	0.0118392	0.000209739	0.99983	-0.0141392	0.199278	0.368235	2
320.295	-1.80617	-4.25202	0.0105448	0.000418874	0.999233	-0.037721	0.20019	0.313851	2
320.495	-1.84036	-4.25812	0.00921184	0.000637489	0.997943	-0.0634387	0.19306	0.309894	2
320.695	-1.87669	-4.26337	0.00771831	0.00069825	0.996095	-0.0879514	0	1.3	3
320.895	-1.90186	-4.26911	0.00558458	0.00074896	0.989543	-0.144131	0.21882	0.214662	2
321.095	-1.99518	-4.28336	0.00440807	0.000577241	0.987843	-0.155389	0.223065	-0.0213887	2
321.295	-2.02667	-4.29291	0.00348139	0.000397385	0.987782	-0.155804	0.223628	-0.0739762	2
321.495	-2.06879	-4.30559	0.00226123	0.000204521	0.988019	-0.154317	0.226538	-0.208795	2
321.695	-2.11706	-4.32207	0.00108504	1.75353e-05	0.989083	-0.147356	0.226928	-0.230242	2
321.896	-2.15925	-4.33357	0.00033884	4.16784e-05	0.99083	-0.135118	0.227138	-0.233244	2
322.095	-2.16192	-4.34465	0.00035452	1.38195e-05	0.992332	-0.123599	0.228026	-0.275132	2
322.295	-2.20435	-4.35371	0.00033038	6.38402e-05	0.993736	-0.111755	0.225987	-0.175006	2
322.495	-2.24702	-4.36189	0.000352292	7.47531e-05	0.994653	-0.103268	0.226404	-0.195267	2
322.695	-2.29639	-4.36901	0.000329229	6.30713e-05	0.995182	-0.0980398	0.225787	-0.168975	2
322.895	-2.33935	-4.37604	0.000327967	-5.03635e-07	0.995948	-0.0899344	0.225041	-0.138772	2
323.095	-2.38226	-4.38227	0.000351448	5.91872e-05	0.996261	-0.086392	0.226279	-0.184362	2
323.295	-2.45476	-4.39808	0.000314537	4.37012e-05	0.99717	-0.0751819	0.225016	-0.134031	2
323.495	-2.49801	-4.40328	0.000390328	3.39235e-05	0.997708	-0.067672	0.227048	-0.202672	2
323.695	-2.54138	-4.4077	0.000348277	6.40516e-05	0.998189	-0.0601592	0.225974	-0.163348	2
323.896	-2.55257	-4.39989	0.000343583	2.73066e-05	0.998315	-0.0580179	0.226659	-0.190135	2
324.095	-2.59523	-4.40312	0.000345108	-1.56682e-05	0.998779	-0.0493911	0.225166	-0.137229	2
324.295	-2.6387	-4.4063	0.000324201	4.40218e-05	0.999068	-0.0431661	0.227071	-0.201807	2
324.495	-2.67637	-4.41308	0.000382431	5.07831e-05	0.999253	-0.0386458	0.225632	-0.14515	2
324.695	-2.71987	-4.41551	0.000373601	5.68053e-05	0.999459	-0.0328911	0.237818	-0.510502	2
324.895	-2.76406	-4.41691	0.000361447	-5.35177e-05	0.999993	-0.00372977	0.224328	-0.431687	2
325.095	-2.80675	-4.40785	0.000376535	2.70306e-05	0.999661	0.0260392	0.220305	-0.393553	2
325.295	-2.84853	-4.40465	0.00034383	-4.45622e-05	0.998616	0.0525935	0.217508	-0.356009	2
325.495	-2.88945	-4.39991	0.000293549	-2.8808e-05	0.997106	0.0760252	0.214135	-0.250871	2
325.696	-2.95826	-4.35405	0.000360673	3.38074e-05	0.994701	0.102812	0.214134	-0.250725	2
325.895	-2.9982	-4.346	0.000299931	3.07883e-05	0.9925	0.122246	0.214383	-0.187708	2
326.095	-3.03795	-4.33681	0.000328522	3.86974e-06	0.990244	0.139345	0.214504	-0.180064	2
326.295	-3.0811	-4.32733	0.000301919	-3.32867e-05	0.987711	0.156288	0.215741	-0.129614	2
326.495	-3.11085	-4.31872	0.000304316	5.18505e-06	0.985886	0.16742	0.215209	-0.147805	2
326.695	-3.14965	-4.30609	0.000302313	-3.73768e-05	0.983044	0.183371	0.21457	-0.17631	2
326.895	-3.1814	-4.29755	0.000231646	-1.21388e-05	0.979395	0.201955	0.215061	-0.301413	2
327.095	-3.18006	-4.31484	0.000299816	1.82932e-05	0.97442	0.224733	0.218949	-0.377068	2
327.295	-3.21673	-4.29727	0.000285412	-6.03684e-05	0.966705	0.255894	0.217172	-0.350359	2
327.495	-3.25927	-4.24878	0.000273301	-6.85708e-05	0.958596	0.284771	0.215619	-0.317787	2
327.695	-3.29304	-4.22697	0.000316172	-4.8248e-05	0.949989	0.312285	0.21549	-0.137784	2
327.895	-3.32588	-4.20299	0.000317446	-6.34524e-05	0.945734	0.324943	0.214469	-0.182149	2
328.095	-3.35567	-4.21396	0.000272344	-2.86311e-05	0.940928	0.338605	0.214372	-0.271148	2
328.295	-3.38651	-4.18836	0.000177122	-7.50108e-05	0.933611	0.358288	0.2154	-0.311847	2
328.495	-3.41779	-4.15969	0.000296176	-0.000135664	0.918191	0.396138	0.23619	-0.545111	2
328.695	-3.45487	-4.11325	0.000294581	-7.6946e-05	0.90334	0.428924	0.231753	-0.271639	2
328.895	-3.48323	-4.07663	0.000284639	-6.68104e-05	0.8948	0.446467	0.230906	-0.24287	2
329.095	-3.50253	-4.05037	0.000295579	-9.94064e-05	0.88827	0.459322	0.22932	-0.232648	2
329.295	-3.5346	-3.99518	0.000292308	-9.24248e-05	0.878765	0.477254	0.228922	-0.266274	2
329.495	-3.55736	-3.95844	0.000305101	-0.000126609	0.870544	0.49209	0.2283	-0.26376	2
329.696	-3.57878	-3.92103	0.000254315	-8.15258e-05	0.861196	0.508274	0.228343	-0.253013	2
329.896	-3.59481	-3.88275	0.000295703	-0.000139945	0.854012	0.520254	0.226184	-0.155998	2
330.095	-3.61368	-3.84402	0.00028064	-0.000137616	0.847249	0.531196	0.227617	-0.254368	2
330.295	-3.63134	-3.80469	0.000326073	-0.000153268	0.83927	0.543715	0.227057	-0.22814	2
330.495	-3.65172	-3.77941	0.000288828	-0.000127833	0.828976	0.559285	0.226194	-0.171177	2
330.695	-3.66973	-3.75073	0.00023395	-0.00019515	0.821062	0.570839	0.227123	-0.242011	2
330.895	-3.68339	-3.70982	0.000281417	-0.00013715	0.815003	0.579456	0.227083	-0.239708	2
331.096	-3.6902	-3.67165	0.00033439	-0.000181634	0.808156	0.588968	0.226224	-0.192778	2
331.295	-3.70059	-3.63084	0.000297476	-0.00015792	0.801458	0.598051	0.225889	-0.176375	2
331.495	-3.70889	-3.59943	0.00023114	-0.000206906	0.79707	0.603886	0.227579	-0.260042	2
331.696	-3.71607	-3.54545	0.000279582	-0.00016144	0.790326	0.612686	0.226641	-0.20315	2
331.895	-3.72535	-3.50303	0.000274844	-0.000169639	0.78407	0.620673	0.228328	-0.262909	2
332.095	-3.73377	-3.4603	0.000317351	-0.000196093	0.776026	0.630701	0.22626	-0.188231	2
332.296	-3.74219	-3.43605	0.000167543	-0.000148257	0.771452	0.636287	0.225745	-0.167441	2
332.496	-3.74894	-3.39319	0.000289327	-0.000180648	0.767929	0.640534	0.227436	-0.22519	2
332.695	-3.75612	-3.3378	0.000280516	-0.000177521	0.761994	0.647583	0.224933	-0.130294	2
332.895	-3.76298	-3.27771	0.000285291	-0.00019357	0.757121	0.653275	0.227845	-0.241756	2
333.095	-3.76788	-3.23438	0.000190254	-0.000205886	0.751393	0.659854	0.224562	-0.107587	2
333.295	-3.77217	-3.19101	0.000249694	-0.000209431	0.747285	0.664504	0.224643	-0.122628	2
333.495	-3.77565	-3.14537	0.000279071	-0.000194097	0.743196	0.669073	0.225077	-0.128544	2
333.695	-3.77903	-3.10191	0.00021379	-0.000211176	0.738911	0.673803	0.226106	-0.167603	2
333.895	-3.78162	-3.06051	0.000197654	-0.000204624	0.723826	0.689983	0.212004	-0.44128	2
334.095	-3.78224	-3.03517	0.000253789	-0.000186403	0.709657	0.704547	0.205869	-0.175865	2
334.295	-3.78189	-2.99551	0.000266436	-0.000217252	0.700136	0.714009	0.205093	-0.114455	2
334.495	-3.78095	-2.9559	0.000203385	-0.000193394	0.695279	0.71874	0.205611	-0.0864543	2
334.695	-3.77943	-2.9181	0.000211902	-0.000212965	0.6915	0.722376	0.203443	0.0328454	2
334.895	-3.77796	-2.87848	0.00012491	-0.000144791	0.691556	0.722323	0.203677	0.0174347	2
335.096	-3.77568	-2.84305	0.000261888	-0.000214941	0.692148	0.721756	0.205329	-0.0127214	2
335.295	-3.77249	-2.81052	0.000267563	-0.00019405	0.694012	0.719963	0.203963	0.00925173	2
335.495	-3.77128	-2.77093	0.000266774	-0.000204154	0.69456	0.719435	0.204087	0.00976726	2
335.695	-3.77248	-2.71746	0.000174322	-0.000177122	0.692761	0.721167	0.205622	0.0313719	2
335.895	-3.77257	-2.66886	0.000271577	-0.000212035	0.6917	0.722185	0.202606	0.0802358	2
336.095	-3.77126	-2.62927	0.000141802	-0.000156582	0.69463	0.719367	0.205672	-0.0491683	2
336.295	-3.77008	-2.58948	0.000260829	-0.000189404	0.693101	0.72084	0.202914	0.017899	2
336.495	-3.76555	-2.57051	0.000234946	-0.000159935	0.695724	0.71831	0.20257	0.0549406	2
336.695	-3.76497	-2.54092	0.000272035	-0.000193362	0.69614	0.717906	0.203506	0.0335555	2
336.896	-3.76406	-2.50142	0.000231593	-0.000171592	0.697668	0.716421	0.202349	0.0543785	2
337.095	-3.76659	-2.4637	0.000234157	-0.000166176	0.698512	0.715598	0.20485	-0.0251538	2
337.295	-3.76589	-2.42417	0.000272015	-0.000204145	0.697722	0.716368	0.205582	0.00390483	2
337.495	-3.76139	-2.38483	0.00018086	-0.000186226	0.69963	0.714506	0.203388	0.00901201	2
337.695	-3.76077	-2.34542	0.000275962	-0.000200333	0.699866	0.714274	0.203102	-0.00651748	2
337.895	-3.76013	-2.30603	0.00025378	-0.000188293	0.700889	0.71327	0.203462	0.0260842	2
338.095	-3.75912	-2.26673	0.000278334	-0.00019349	0.701236	0.712929	0.202776	0.0215781	2
338.295	-3.75874	-2.22734	0.000167622	-0.000181098	0.702479	0.711705	0.202632	0.0631075	2
338.495	-3.75846	-2.18791	0.000165556	-0.000169951	0.704251	0.709951	0.203021	0.0425283	2
338.695	-3.75439	-2.15324	0.000225368	-0.000197028	0.707512	0.706701	0.202481	-0.00929253	2
338.895	-3.75446	-2.11391	9.80599e-05	-0.00015992	0.707253	0.706961	0.203895	-0.00719484	2
339.095	-3.75473	-2.07334	0.000294659	-0.000214942	0.712192	0.701985	0.212949	0.190173	2
339.295	-3.75603	-2.04291	0.000246434	-0.000165554	0.717256	0.696809	0.216526	0.139199	2
339.495	-3.75748	-2.00038	0.000267399	-0.000193866	0.723369	0.690462	0.21904	0.0686614	2
339.695	-3.75918	-1.95763	0.000265743	-0.000194953	0.727769	0.685822	0.218593	0.0622286	2
339.895	-3.76827	-1.91179	0.000136128	-0.000146525	0.728633	0.684905	0.222481	-0.0414034	2
340.095	-3.77022	-1.86868	0.0002654	-0.000169348	0.729079	0.684429	0.22307	-0.0672063	2
340.295	-3.77022	-1.82662	0.000135986	-0.000146736	0.729334	0.684158	0.222827	-0.0593871	2
340.495	-3.76913	-1.78518	0.000251127	-0.000190785	0.729679	0.68379	0.219593	0.032359	2
340.695	-3.7713	-1.74223	0.000272011	-0.000172569	0.721988	0.691905	0.234926	-0.497141	2
340.895	-3.7727	-1.70233	0.00026944	-0.000181681	0.699966	0.714176	0.221264	-0.403862	2
341.095	-3.77116	-1.6606	0.000247315	-0.000171037	0.679984	0.733227	0.217349	-0.353377	2
341.296	-3.76777	-1.61954	0.000236679	-0.000178304	0.660911	0.750464	0.215823	-0.322924	2
341.495	-3.76424	-1.58233	0.000190665	-0.000151166	0.643591	0.765369	0.214625	-0.284576	2
341.695	-3.7596	-1.55226	0.000200184	-0.000158168	0.629383	0.777096	0.214287	-0.194867	2
341.895	-3.75197	-1.51241	0.000187621	-0.000163773	0.612879	0.790177	0.215096	-0.152153	2
342.095	-3.74284	-1.48445	0.000220801	-0.000134204	0.638707	0.76945	0.214094	-0.217253	2
342.295	-3.71061	-1.42334	0.000206794	-0.000159605	0.628115	0.778121	0.214317	-0.192461	2
342.495	-3.70291	-1.38325	0.000239107	-0.00014381	0.614233	0.789125	0.21418	-0.204851	2
342.695	-3.72047	-1.36223	0.000187297	-0.000164532	0.603704	0.797209	0.214146	-0.208897	2
342.895	-3.68604	-1.25945	0.00177317	-0.00254642	0.544464	0.838778	0.667425	-1.15595	1
343.095	-3.62575	-1.14562	0.00293828	-0.00546121	0.464914	0.885334	0.676357	-1.02411	1
343.296	-3.59294	-1.0708	0.00327516	-0.00631201	0.45383	0.89106	0.399446	0.717536	2
343.495	-3.49666	-1.00895	0.0032296	-0.00643024	0.452303	0.891835	0.339768	-0.919841	2
343.696	-3.44993	-0.947044	0.00349276	-0.00654612	0.461505	0.887107	0.464036	1.05309	2
343.895	-3.40437	-0.874328	0.00403753	-0.00670104	0.504236	0.863531	0.478694	1.0388	2
344.095	-3.42957	-0.792082	0.00513088	-0.0070833	0.570573	0.8212	0.509959	0.993113	2
344.295	-3.40593	-0.7175	0.00616008	-0.00765948	0.610815	0.791712	0.527165	0.841469	2
344.495	-3.32166	-0.655055	0.00597735	-0.00661298	0.658994	0.752095	0	1.3	3
344.695	-3.32022	-0.63714	0.00464391	-0.00433497	0.709673	0.704502	0.203245	0.312956	2
344.895	-3.33283	-0.608453	0.00384875	-0.00335796	0.724939	0.688794	0.213297	0.325804	2
345.095	-3.38061	-0.614343	0.00312083	-0.00248991	0.743192	0.669066	0.21889	0.321273	2
345.295	-3.38509	-0.578858	0.00158835	-0.00200908	0.70261	0.711571	0	-1.3	3
345.495	-3.39645	-0.597987	-0.000127081	-0.000389531	0.632556	0.774514	0	-1.3	3
345.695	-3.39887	-0.60082	3.66926e-05	-7.934e-05	0.54704	0.837106	0	-1.3	3
345.895	-3.35974	-0.588651	-0.000119089	0.000257291	0.53242	0.84648	0	-1.3	3
346.095	-3.39681	-0.585104	-0.000154306	0.000330532	0.534086	0.84543	0	-1.3	3
346.295	-3.40448	-0.562827	-0.000121534	0.000299658	0.452488	0.89177	0	-1.3	3
346.495	-3.40228	-0.550304	-0.000118271	0.000248014	0.377056	0.92619	0.105468	-0.708576	2
346.695	-3.37238	-0.55163	-0.000159181	0.000396869	0.334349	0.942449	0.113223	-0.673076	2
346.895	-3.36677	-0.547944	8.81285e-05	-0.000102013	0.277507	0.960724	0.116078	-0.658127	2
347.095	-3.35326	-0.537672	-0.000113636	0.000383989	0.220323	0.975427	0.126177	-0.628017	2
347.295	-3.34448	-0.50366	-0.000117119	0.000331743	0.166679	0.986011	0.147269	-0.591663	2
347.495	-3.32445	-0.503861	5.06845e-05	-3.38856e-05	0.127459	0.991844	0.210439	-0.426151	2
347.695	-3.28624	-0.495631	3.41447e-05	-0.000153004	0.0950858	0.995469	0.228228	-0.487621	2
347.895	-3.24333	-0.49876	4.32751e-05	-0.000261317	0.0644499	0.997921	0.229297	-0.442218	2
348.096	-3.20168	-0.510104	6.57047e-05	-0.000249589	0.0385226	0.999258	0.19889	-0.33523	2
348.295	-3.18396	-0.508329	3.70328e-05	-0.000166229	-0.0256574	0.999671	0.193849	-0.425373	2
348.495	-3.16269	-0.485001	1.48914e-06	-0.000112028	-0.0984226	0.995145	0.209382	-0.0796762	2
348.695	-3.11915	-0.477888	5.07764e-05	-0.000191969	-0.107532	0.994202	0.22125	0.15149	2
348.895	-3.05568	-0.47998	-7.80792e-06	-0.000163516	-0.116914	0.993142	0.215316	-0.215572	2
349.095	-3.01539	-0.488732	7.04149e-05	-0.000215517	-0.133569	0.991039	0.220925	-0.0214265	2
349.295	-2.9844	-0.496244	8.09267e-05	-0.000219009	-0.137638	0.990483	0.224171	0.10051	2
349.495	-2.94886	-0.506514	7.62107e-05	-0.000197585	-0.136052	0.990702	0.222653	0.038653	2
349.696	-2.90677	-0.516924	7.43701e-05	-0.000238327	-0.133706	0.991021	0.226545	0.203203	2
349.895	-2.86382	-0.527102	8.34722e-05	-0.000267939	-0.123935	0.99229	0.226086	0.179545	2
350.096	-2.79963	-0.535826	0.000104112	-0.000314646	-0.117137	0.993116	0.227381	0.223009	2
350.295	-2.75623	-0.544628	0.000130221	-0.000322014	-0.107235	0.994234	0.226262	0.186003	2
350.495	-2.71285	-0.552569	0.000108892	-0.00031021	-0.099386	0.995049	0.226423	0.188099	2
350.695	-2.67257	-0.563876	0.000127809	-0.000346038	-0.0884827	0.996078	0.227553	0.220017	2
350.895	-2.62852	-0.570196	0.000156016	-0.000373241	-0.0781787	0.996939	0.226849	0.203679	2
351.095	-2.5848	-0.575454	0.000161571	-0.000310326	-0.0718127	0.997418	0.227243	0.212433	2
351.295	-2.55622	-0.58141	0.000136341	-0.000362202	-0.0626745	0.998034	0.22404	0.096993	2
351.495	-2.51242	-0.585726	0.000153761	-0.000341092	-0.0570356	0.998372	0.226539	0.173701	2
351.695	-2.46851	-0.589607	0.000140106	-0.000347385	-0.0500998	0.998744	0.211669	0.649183	2
351.895	-2.4398	-0.592144	0.000136357	-0.000265963	-0.0184818	0.999829	0.208015	0.258861	2
352.095	-2.3986	-0.592275	8.22642e-05	-0.000228177	-0.000638803	1	0.206887	0.175629	2
352.295	-2.35804	-0.591445	6.0698e-05	-0.000180562	0.00937401	0.999956	0.206122	0.0674131	2
352.495	-2.27825	-0.586536	-8.05864e-06	-8.15177e-05	0.0133309	0.999911	0.206353	0.0466198	2
352.695	-2.23828	-0.585445	4.04089e-05	-9.78019e-05	0.0161736	0.999869	0.206519	0.00836377	2
352.895	-2.19831	-0.584305	2.28243e-05	-0.000120609	0.0174384	0.999848	0.20626	-0.00635068	2
353.095	-2.14718	-0.586412	5.64919e-05	-7.01671e-05	0.0174383	0.999848	0.206508	0.0156844	2
353.295	-2.107	-0.585209	5.52077e-05	-0.000162197	0.0173298	0.99985	0.206418	-0.00587142	2
353.495	-2.06721	-0.584065	1.49911e-05	-0.000149859	0.015886	0.999874	0.205201	-0.0107093	2
353.695	-2.09096	-0.581881	1.24884e-05	-0.000119758	0.0150075	0.999887	0.20338	-0.024424	2
353.896	-2.05148	-0.58094	4.0685e-05	-7.78996e-05	0.0134917	0.999909	0.205488	-0.0293365	2
354.095	-2.00166	-0.581038	2.95369e-06	-7.75417e-05	0.0115253	0.999934	0.204603	0.0227711	2
354.295	-1.96191	-0.580111	5.48745e-05	-0.000116389	0.0119015	0.999929	0.207593	0.0543798	2
354.496	-1.93171	-0.579464	5.1726e-05	-0.000158589	0.0132848	0.999912	0.20512	-0.0521158	2
354.695	-1.90092	-0.578589	1.05526e-05	-0.000141893	0.0113522	0.999936	0.203854	-0.0123228	2
354.896	-1.86123	-0.577841	2.10544e-05	-0.000134859	0.0110892	0.999939	0.203759	-0.00156698	2
355.095	-1.82171	-0.577135	3.83664e-05	-0.000136116	0.0101401	0.999949	0.201615	-0.0342752	2
355.295	-1.75535	-0.574915	4.57894e-05	-0.000152667	0.00935143	0.999956	0.204265	-0.0212828	2
355.495	-1.71583	-0.574215	-1.31237e-05	-4.89326e-05	0.00806184	0.999968	0.203873	0.0111172	2
355.695	-1.67611	-0.573654	5.1025e-05	-0.000166899	0.00941878	0.999956	0.202411	-0.0701977	2
355.895	-1.65653	-0.57418	5.22057e-05	-0.000142435	0.00654908	0.999979	0.204621	-0.0203507	2
356.095	-1.61686	-0.573683	4.38756e-05	-0.000151522	0.00624285	0.999981	0.202586	-0.00310476	2
356.295	-1.57751	-0.573067	5.98129e-07	-6.92731e-05	0.00433852	0.999991	0.20431	0.0426111	2
356.495	-1.48088	-0.570189	5.00404e-05	-0.000141063	0.00309027	0.999995	0.204362	-0.0235878	2
356.695	-1.44119	-0.569937	5.34313e-05	-0.000125972	0.00282565	0.999996	0.203429	-0.0109036	2
356.895	-1.40177	-0.569618	5.12363e-05	-0.000131794	0.00101488	0.999999	0.204047	0.0375946	2
357.095	-1.44825	-0.57242	3.50809e-05	-0.000123555	0.00451847	0.99999	0.203992	0.0219197	2
357.295	-1.41019	-0.571963	2.83324e-05	-0.000107647	0.00527586	0.999986	0.204505	0.0166144	2
357.495	-1.37062	-0.57147	6.36766e-06	-9.59525e-05	0.00443271	0.99999	0.203981	-0.00841341	2
357.695	-1.29329	-0.570194	1.58674e-05	-6.90988e-05	0.00555664	0.999985	0.202747	-0.0135485	2
357.895	-1.25383	-0.569775	4.51836e-06	-0.000101383	0.00500252	0.999987	0.203645	-0.0245282	2
358.095	-1.21399	-0.568846	5.85282e-05	-7.43145e-05	0.00257084	0.999997	0.205071	0.0246117	2
358.295	-1.17374	-0.567828	5.03187e-05	-0.000134002	0.00243542	0.999997	0.203959	-0.00420586	2
358.495	-1.13421	-0.567618	4.12752e-05	-0.000104816	0.00225415	0.999997	0.204984	0.0243643	2
358.695	-1.09451	-0.567314	6.34844e-05	-0.000130312	0.00313625	0.999995	0.203153	-0.0137076	2
358.895	-1.05412	-0.567867	2.59756e-05	-0.000148547	0.0034099	0.999994	0.203861	0.00201199	2
359.095	-1.01446	-0.567522	5.36414e-05	-0.000159993	0.00331563	0.999994	0.204641	0.0238132	2
359.295	-0.995929	-0.56765	-1.24707e-05	-6.38381e-05	0.00508003	0.999987	0.203767	0.0319551	2
359.495	-0.956311	-0.567235	5.18574e-05	-0.000155639	0.00604692	0.999982	0.204212	-0.00491053	2
359.695	-0.926808	-0.566901	6.00909e-05	-8.42158e-05	0.00449907	0.99999	0.205096	0.0201785	2
359.895	-0.868103	-0.566464	5.7251e-05	-0.000114382	0.00315457	0.999995	0.20254	-0.0215958	2
360.095	-0.828644	-0.566282	-4.92002e-06	-1.25517e-05	0.00307428	0.999995	0.204459	0.0433378	2
360.295	-0.788971	-0.56587	4.93898e-05	-7.2941e-05	0.00432093	0.999991	0.204709	-0.0126571	2
360.495	-0.713632	-0.562821	3.76219e-05	-2.90123e-05	0.00279075	0.999996	0.203026	-0.0347046	2
360.695	-0.674196	-0.562633	4.56625e-05	-9.91675e-05	0.0016566	0.999999	0.203897	0.00349816	2
360.895	-0.634526	-0.562505	5.02508e-05	-0.00011382	0.00205094	0.999998	0.204566	0.0378483	2
361.095	-0.656258	-0.565579	2.62858e-05	-0.000128477	0.00388877	0.999992	0.204597	0.00130338	2
361.295	-0.61647	-0.565295	3.75098e-05	-0.000107963	0.00523152	0.999986	0.202363	-0.0301907	2
361.495	-0.577351	-0.564932	4.71282e-05	-7.87264e-05	0.00250159	0.999997	0.202166	-0.0501144	2
361.695	-0.537922	-0.562499	6.29515e-05	-8.98287e-05	0.000801711	1	0.202814	0.0239392	2
361.895	-0.498501	-0.562058	-1.65067e-05	2.66445e-05	0.000622298	1	0.201008	-0.0191477	2
362.095	-0.469044	-0.562004	6.11106e-05	-0.000150676	0.000170453	1	0.202421	0.00763021	2
362.295	-0.374727	-0.563455	4.74771e-05	-9.25691e-05	3.46976e-05	1	0.203537	0.017909	2
362.495	-0.335225	-0.563239	5.55058e-05	-0.000101393	0.00058735	1	0.205289	0.0952287	2
362.695	-0.295307	-0.562974	-6.78336e-06	-3.29562e-05	0.00408081	0.999992	0.20441	0.0196073	2
362.895	-0.246415	-0.560502	3.04239e-05	-8.07937e-05	0.00493914	0.999988	0.205186	0.00548689	2
363.095	-0.20671	-0.560061	4.76569e-05	-3.97288e-05	0.00426485	0.999991	0.203795	-0.0510728	2
363.295	-0.167299	-0.559783	1.66369e-05	-7.83982e-05	0.00134902	0.999999	0.202932	0.0126914	2
363.495	-0.125574	-0.563433	2.54613e-05	-5.39857e-05	0.00021758	1	0.20213	-0.011994	2
363.695	-0.0860709	-0.563263	8.11522e-05	-0.000108227	-8.9971e-05	1	0.205463	0.0528059	2
363.895	-0.0462699	-0.56296	2.04535e-05	-7.71566e-05	0.00135746	0.999999	0.203216	0.0186379	2
364.095	-0.053616	-0.562997	4.13892e-07	-2.88542e-05	0.00209617	0.999998	0.202782	-0.0163963	2
364.295	-0.0144096	-0.56288	1.85291e-05	-5.9925e-05	-0.000338292	1	0.204997	0.0396474	2
364.495	0.0254294	-0.562637	-3.65878e-05	2.26844e-05	0.00181693	0.999998	0.203123	-0.0297372	2
364.695	0.10273	-0.560265	5.89127e-05	-9.07967e-05	0.000440172	1	0.20371	0.0456645	2
364.895	0.142347	-0.560136	2.48678e-05	-3.82367e-05	0.00262948	0.999997	0.203813	-0.00189431	2
365.095	0.182055	-0.559895	5.77413e-05	-0.000100613	0.00438419	0.99999	0.201149	-0.0519184	2
365.295	0.22137	-0.559911	-1.31869e-05	2.31247e-05	0.00240404	0.999997	0.204452	-0.00285299	2
365.495	0.260757	-0.55956	5.5391e-05	-6.54105e-05	0.000832359	1	0.204961	0.0185307	2
365.696	0.285904	-0.560194	5.39158e-05	-5.22989e-05	0.00209514	0.999998	0.203131	-0.030951	2
365.895	0.29886	-0.561223	3.91301e-05	-4.25039e-05	0.00292019	0.999996	0.204858	0.0360137	2
366.095	0.3387	-0.560916	7.20645e-05	-8.67433e-05	0.00473009	0.999989	0.204014	0.0537598	2
366.295	0.365178	-0.5602	5.06548e-05	-8.57472e-05	0.00649259	0.999979	0.203319	0.00360996	2
366.495	0.395909	-0.559475	3.43184e-05	-7.98167e-05	0.00582464	0.999983	0.20411	-0.00517122	2
366.695	0.435423	-0.55899	5.78012e-05	-4.40744e-05	0.00383704	0.999993	0.204562	0.0159234	2
366.895	0.467357	-0.558557	3.9403e-05	-6.89362e-05	0.00384043	0.999993	0.204799	0.0226516	2
367.095	0.507215	-0.558092	-3.20837e-05	5.19302e-05	0.00379686	0.999993	0.204469	0.0222273	2
367.295	0.536876	-0.557801	5.19603e-05	-6.40762e-05	0.00384796	0.999993	0.204086	0.0079682	2
367.495	0.598374	-0.558649	3.9854e-05	-2.10047e-05	0.00632742	0.99998	0.202417	-0.0125413	2
367.695	0.637763	-0.55798	4.21127e-05	-5.65072e-05	0.00591211	0.999983	0.204133	0.0443754	2
367.895	0.677571	-0.557371	-8.4739e-06	3.15244e-05	0.00790633	0.999969	0.202214	-0.0516935	2
368.095	0.706993	-0.557011	5.11932e-05	-6.36301e-05	0.00382508	0.999993	0.204355	0.00215168	2
368.295	0.746656	-0.556623	5.04797e-05	-4.40751e-05	0.00367516	0.999993	0.203846	0.028739	2
368.495	0.786196	-0.556197	4.76818e-05	-1.58418e-05	0.00305349	0.999995	0.202591	-5.43437e-05	2
368.695	0.831711	-0.556443	5.42075e-05	-1.27011e-05	0.00222137	0.999998	0.203699	0.025287	2
368.895	0.871355	-0.556131	5.57503e-05	-3.99773e-05	0.00306657	0.999995	0.201945	-0.030705	2
369.095	0.898317	-0.556275	-2.93514e-06	2.93118e-05	0.000566668	1	0.203661	0.0298491	2
369.296	0.932523	-0.55618	4.65393e-05	1.72765e-06	0.00114106	0.999999	0.203302	-0.00154617	2
369.495	0.972195	-0.55594	2.7925e-05	-5.69555e-06	0.00197672	0.999998	0.204017	0.0177754	2
369.695	1.01179	-0.555608	3.27512e-06	9.74664e-05	0.00295307	0.999996	0.203549	-0.000572819	2
369.895	1.04481	-0.55595	8.11629e-05	-0.000100775	0.00353941	0.999994	0.20419	0.00351668	2
370.095	1.08434	-0.555702	6.29015e-05	-5.83059e-05	0.00303244	0.999995	0.203151	-6.03924e-05	2
370.295	1.12542	-0.555094	5.66231e-05	-7.17463e-05	0.000973975	1	0.205352	0.0664641	2
370.495	1.17465	-0.553832	2.23864e-05	7.16711e-06	0.00287857	0.999996	0.202385	-0.0157067	2
370.695	1.21414	-0.553632	6.14232e-05	-8.81275e-05	0.00276649	0.999996	0.204239	0.0521175	2
370.895	1.26161	-0.553131	5.83001e-05	-6.17931e-05	0.00510571	0.999987	0.204036	-0.0139579	2
371.095	1.30118	-0.552789	6.74766e-05	-5.5549e-05	0.00419615	0.999991	0.203559	0.00234239	2
371.295	1.34081	-0.552394	2.76238e-05	-6.40191e-05	0.00450329	0.99999	0.201852	-0.0372682	2
371.496	1.37885	-0.548888	5.63288e-05	-7.55435e-05	-0.000218445	1	0.20376	0.00837867	2
371.695	1.41833	-0.54868	-6.91339e-06	3.42551e-05	-0.00117903	0.999999	0.205142	0.0319419	2
371.895	1.45786	-0.548615	3.25764e-05	-3.4624e-05	-0.00123766	0.999999	0.203289	0.000311724	2
372.095	1.49652	-0.552191	3.85959e-05	-5.58762e-05	0.00150878	0.999999	0.204126	0.011721	2
372.295	1.52632	-0.551963	2.47292e-05	7.07886e-06	0.00213895	0.999998	0.202782	0.0204846	2
372.496	1.56571	-0.551606	5.45371e-05	-4.50894e-05	0.00199651	0.999998	0.20345	-0.0385071	2
372.695	1.60435	-0.548878	5.4457e-05	-2.09729e-05	0.00159556	0.999999	0.205349	0.0563939	2
372.895	1.64419	-0.548632	6.05272e-05	-4.74797e-05	0.00448169	0.99999	0.20474	-0.0175533	2
373.095	1.6837	-0.548188	-4.45288e-06	7.11636e-05	0.00282787	0.999996	0.202149	-0.0240859	2
373.296	1.72347	-0.551008	5.98894e-05	-3.64633e-05	0.000700569	1	0.201761	-0.00547631	2
373.495	1.76277	-0.550689	2.88196e-05	7.19734e-06	-0.00123179	0.999999	0.203335	0.00531391	2
373.695	1.80223	-0.550667	5.91329e-05	-2.78051e-05	-0.000573328	1	0.20453	0.0459488	2
373.895	1.839	-0.550281	5.10721e-05	1.48854e-05	0.000893287	1	0.202862	-0.00229142	2
374.095	1.87849	-0.550038	5.7191e-05	-8.70847e-07	0.00146363	0.999999	0.202837	-0.0118357	2
374.295	1.91787	-0.549862	-1.71054e-05	6.40081e-05	0.000410563	1	0.204353	0.0793834	2
374.495	1.96456	-0.547718	2.0754e-05	3.93905e-05	0.00112895	0.999999	0.203884	0.0275787	2
374.695	2.00399	-0.547508	2.84401e-05	-2.36629e-05	0.00125116	0.999999	0.202704	-0.00862281	2
374.895	2.03351	-0.547473	-2.84794e-06	3.78757e-05	9.51799e-06	1	0.203503	0.0260834	2
375.095	2.05062	-0.545795	5.978e-05	-6.70727e-05	-0.00133185	0.999999	0.202478	0.00815006	2
375.295	2.09	-0.545769	3.24252e-05	-6.09881e-07	-0.00199906	0.999998	0.203109	0.003884	2
375.495	2.12947	-0.545821	5.8982e-05	-7.32269e-05	-0.00279192	0.999996	0.203264	0.00591231	2
375.695	2.16898	-0.538761	-1.84542e-05	6.396e-05	-0.0117742	0.999931	0.204458	0.0243871	2
375.895	2.2087	-0.539591	5.22111e-05	-6.43667e-05	-0.0111364	0.999938	0.203786	0.0150405	2
376.095	2.24815	-0.540293	3.61115e-05	-4.70484e-05	-0.0123886	0.999923	0.202372	0.00177954	2
376.295	2.29033	-0.539336	4.14859e-05	-1.87821e-05	-0.0115634	0.999933	0.203974	0.053962	2
376.495	2.32995	-0.539986	3.74514e-05	-3.79936e-05	-0.0101532	0.999948	0.203751	0.0515295	2
376.695	2.37295	-0.541501	2.78525e-05	-4.62664e-06	-0.00776137	0.99997	0.203172	-0.00791749	2
376.895	2.41451	-0.542576	5.82467e-05	-1.06423e-05	-0.0161454	0.99987	0.213542	-0.181182	2
377.095	2.4556	-0.544007	3.75669e-05	-6.42226e-05	-0.029297	0.999571	0.217054	-0.121379	2
377.295	2.4976	-0.546285	5.49735e-05	-4.95062e-05	-0.0374023	0.9993	0.215847	-0.122626	2
377.495	2.52385	-0.547849	7.7415e-05	-3.85266e-05	-0.0458957	0.998946	0.217764	-0.0782027	2
377.695	2.56615	-0.551195	9.72442e-05	-5.15903e-05	-0.0514929	0.998673	0.221116	0.00724319	2
377.895	2.60905	-0.554917	8.9891e-05	-3.1534e-05	-0.0529344	0.998598	0.222518	0.049849	2
378.095	2.66098	-0.564557	0.000182557	-0.000209635	-0.0462656	0.998929	0.22304	0.0656216	2
378.295	2.70436	-0.567796	0.000148596	-0.00018626	-0.0443005	0.999018	0.232858	0.486701	2
378.495	2.74856	-0.56871	0.000291565	-0.000284395	-0.0167266	0.99986	0.225578	0.441404	2
378.695	2.79061	-0.565647	0.000291036	-0.000277997	0.0113773	0.999935	0.221361	0.404852	2
378.895	2.83465	-0.563206	0.000206337	-0.00023557	0.0371899	0.999308	0.216785	0.343369	2
379.095	2.87764	-0.559543	-1.08178e-05	5.29143e-05	0.060291	0.998181	0.214579	0.282403	2
379.296	2.91813	-0.552376	-4.02914e-05	8.94136e-05	0.0805502	0.996751	0.214615	0.284113	2
379.495	2.96003	-0.545652	4.45391e-05	6.72463e-06	0.101361	0.99485	0.21408	0.241138	2
379.695	3.00144	-0.537469	5.00067e-05	2.26019e-05	0.118491	0.992955	0.21445	0.183313	2
379.895	3.05865	-0.525418	5.28891e-05	6.90944e-05	0.132213	0.991221	0.214891	0.160643	2
380.095	3.0893	-0.517703	-1.09311e-05	3.35324e-05	0.143103	0.989708	0.214533	0.178347	2
380.295	3.12983	-0.506418	4.53272e-05	1.64337e-05	0.158598	0.987343	0.224543	0.433409	2
380.495	3.15708	-0.495999	-6.82935e-06	4.88841e-05	0.183492	0.983021	0.215441	0.139486	2
380.695	3.19648	-0.481471	-6.1533e-05	0.000160658	0.199786	0.97984	0.216908	0.345652	2
380.895	3.23588	-0.464973	3.25925e-05	0.000109273	0.226512	0.974008	0.217558	0.356824	2
381.096	3.27323	-0.480741	-7.73089e-06	0.000110955	0.256191	0.966626	0.219149	0.379676	2
381.295	3.31087	-0.459233	-6.714e-05	0.000200296	0.286815	0.957986	0.218581	0.372106	2
381.495	3.34993	-0.442902	8.33344e-07	0.000163583	0.316787	0.948497	0.218049	0.364458	2
381.695	3.38391	-0.417124	-2.97075e-06	0.000137275	0.344358	0.938839	0.216312	0.333955	2
381.895	3.41861	-0.386926	8.11164e-05	-4.51408e-06	0.384848	0.92298	0.236137	0.707598	2
382.095	3.45638	-0.32718	-8.29954e-05	0.000162022	0.426729	0.904379	0.230659	0.249391	2
382.295	3.48434	-0.292121	1.91628e-05	9.79294e-05	0.44458	0.895739	0.22926	0.273664	2
382.495	3.50426	-0.265153	2.8588e-05	6.03961e-05	0.456918	0.889509	0.228767	0.2688	2
382.695	3.52808	-0.252722	-4.95448e-05	0.000123608	0.474832	0.880076	0.228166	0.270885	2
382.895	3.55162	-0.214993	-8.98663e-05	0.000130398	0.490728	0.871313	0.22724	0.201488	2
383.095	3.57378	-0.176624	9.18268e-06	7.53114e-05	0.505012	0.863112	0.227611	0.265531	2
383.295	3.59399	-0.133062	2.35229e-05	7.36078e-05	0.519401	0.85453	0.226496	0.173215	2
383.495	3.61336	-0.0933623	-3.1169e-05	6.72969e-05	0.530619	0.84761	0.227348	0.255685	2
383.695	3.63158	-0.052906	1.40709e-06	8.22261e-05	0.544489	0.838768	0.227697	0.277389	2
383.895	3.64997	-0.00484352	1.83904e-05	6.10884e-05	0.55764	0.830083	0.225997	0.181069	2
384.095	3.66541	0.0364348	1.19513e-05	8.24989e-05	0.567359	0.82347	0.226927	0.230457	2
384.296	3.67979	0.0781793	-5.44224e-06	0.000104179	0.577009	0.816738	0.227844	0.273971	2
384.496	3.69059	0.125516	2.4075e-05	8.72909e-05	0.586642	0.809846	0.227605	0.252088	2
384.695	3.70292	0.168147	2.55762e-05	8.30487e-05	0.597113	0.802157	0.227517	0.265573	2
384.895	3.71395	0.210807	0.000133294	4.97776e-05	0.605245	0.796039	0.225633	0.157369	2
385.095	3.72418	0.242801	0.000163894	3.25587e-05	0.612656	0.79035	0.226623	0.205769	2
385.295	3.73365	0.286128	0.000326119	-1.9908e-05	0.621645	0.783299	0.224592	0.119683	2
385.495	3.74218	0.329398	0.000352522	-4.52307e-05	0.628266	0.777999	0.22566	0.159429	2
385.695	3.74523	0.371178	0.000369134	-3.45276e-05	0.633361	0.773856	0.223158	0.0694657	2
385.895	3.75245	0.41438	0.000379316	-3.44198e-05	0.636917	0.770932	0.226651	0.183242	2
386.095	3.76011	0.458423	0.000341804	-5.02817e-05	0.642731	0.766092	0.226277	0.170457	2
386.295	3.76766	0.503073	0.000343446	-5.1767e-05	0.649651	0.760233	0.226731	0.195329	2
386.495	3.77332	0.547184	0.000320299	-4.24472e-05	0.657287	0.75364	0.224601	0.115741	2
386.695	3.77647	0.586388	0.000385778	-2.57253e-05	0.662025	0.749482	0.211521	0.620173	2
386.895	3.77988	0.628917	0.000303967	-2.71504e-05	0.689017	0.724745	0.209653	0.353165	2
387.095	3.78087	0.670031	0.000101806	2.42995e-05	0.701168	0.712996	0.20547	0.109452	2
387.295	3.78336	0.714038	-1.17332e-05	5.94085e-05	0.70722	0.706993	0.20654	0.135314	2
387.496	3.78325	0.753916	2.02663e-05	4.86155e-05	0.70947	0.704736	0.203941	-0.0105577	2
387.695	3.78314	0.783581	1.08427e-05	5.8848e-05	0.709252	0.704955	0.203895	-0.0334689	2
387.895	3.78052	0.819226	1.10066e-05	3.74796e-05	0.708474	0.705737	0.202842	-0.0181455	2
388.095	3.78038	0.858958	2.55672e-05	3.77191e-05	0.708947	0.705262	0.204336	-0.0482562	2
388.295	3.78022	0.898734	-6.30467e-05	8.0311e-05	0.708341	0.705871	0.203031	-0.0298085	2
388.495	3.77998	0.934092	-5.24888e-06	2.82516e-05	0.705806	0.708405	0.206834	0.00777514	2
388.695	3.78014	0.97402	-0.000130429	0.000108713	0.705769	0.708442	0.203846	0.00343006	2
388.895	3.78039	1.01368	1.27192e-05	3.67639e-05	0.705712	0.708498	0.203884	-0.0135236	2
389.095	3.77982	1.05674	1.16423e-05	3.60395e-05	0.705965	0.708247	0.205601	-0.030087	2
389.295	3.7801	1.09667	3.34496e-05	3.98101e-05	0.705886	0.708326	0.205298	0.0337121	2
389.496	3.78025	1.13673	4.77622e-05	2.18381e-05	0.706639	0.707574	0.205376	0.00487549	2
389.695	3.77837	1.16747	4.67219e-05	2.53033e-05	0.697419	0.716663	0.204896	-0.00372908	2
389.895	3.77952	1.20701	-9.31574e-05	4.27524e-05	0.696543	0.717515	0.214397	-0.180333	2
390.095	3.78131	1.24819	1.21886e-05	9.8998e-06	0.688208	0.725514	0.215196	-0.148889	2
390.295	3.7747	1.26896	5.0484e-05	5.97347e-05	0.678514	0.734587	0.216459	-0.110983	2
390.495	3.77801	1.31071	-6.75852e-05	7.32799e-05	0.67237	0.740215	0.218383	-0.0705074	2
390.695	3.78188	1.35276	3.19645e-05	1.63822e-05	0.667998	0.744163	0.219984	-0.020778	2
390.895	3.78842	1.39325	-2.11749e-05	5.90817e-05	0.66175	0.749724	0.220744	-0.00357098	2
391.095	3.79325	1.43578	0.000117528	5.4244e-05	0.659983	0.751281	0.220062	-0.0180489	2
391.296	3.79805	1.48172	7.37411e-05	3.00702e-05	0.659524	0.751684	0.223217	0.0719924	2
391.495	3.80253	1.5309	0.000225429	2.3419e-05	0.672743	0.739876	0.231131	0.477302	2
391.695	3.80517	1.57637	0.000296566	9.19512e-06	0.694969	0.71904	0.221289	0.404114	2
391.895	3.80543	1.62053	0.000243637	-7.08034e-06	0.713966	0.70018	0.21772	0.359415	2
392.095	3.80567	1.66769	8.87118e-06	5.25651e-05	0.73207	0.681229	0.216989	0.347115	2
392.295	3.80209	1.71048	-9.95086e-05	5.82544e-05	0.746998	0.664826	0.214619	0.2843	2
392.495	3.79726	1.75272	-2.17128e-06	7.1211e-05	0.761215	0.6485	0.214233	0.26103	2
392.695	3.80064	1.75371	-9.67639e-05	5.84329e-05	0.763181	0.646184	0.214078	0.221006	2
392.895	3.79412	1.79533	-1.48271e-05	8.19992e-05	0.774538	0.632527	0	-1.3	3
393.095	3.78641	1.85052	0.00133215	-0.000668328	0.760025	0.649892	0.641073	1.11968	1
393.295	3.73222	1.98814	0.00350803	-0.00221957	0.815578	0.578632	0.217159	0.350134	2
393.495	3.74056	2.02554	0.00266346	-0.00153439	0.831332	0.555768	0.222795	0.418583	2
393.695	3.72298	2.06686	0.00166076	-0.000757528	0.849343	0.527839	0.217352	0.353438	2
393.895	3.70317	2.10629	0.000528498	-2.70616e-06	0.865426	0.501036	0.217476	0.355482	2
394.095	3.66823	2.15634	-9.04731e-05	0.00011527	0.882073	0.471113	0.218742	0.374311	2
394.295	3.64398	2.19216	-0.000192444	0.000111331	0.896614	0.442813	0.216285	0.333385	2
394.495	3.61573	2.22807	5.57335e-05	4.62136e-05	0.915092	0.403245	0.235368	0.723637	2
394.695	3.61153	2.24732	-4.18489e-05	9.09694e-05	0.929409	0.369051	0.229933	0.245803	2
394.895	3.57841	2.27763	-0.000104484	7.45723e-05	0.936437	0.350835	0.229492	0.225669	2
395.095	3.54408	2.30654	-5.74987e-05	4.71869e-05	0.942309	0.334746	0.335236	-0.605028	2
395.295	3.49627	2.32967	9.30196e-05	0.000108589	0.938422	0.34549	0.232143	0.642065	2
395.495	3.45575	2.36131	0.000272987	8.76557e-05	0.945882	0.324509	0.353999	-0.555201	2
395.695	3.42749	2.42337	0.000400333	0.000155035	0.934722	0.355381	0.37226	-0.356137	2
395.895	3.37613	2.46716	0.000483382	0.000128685	0.932973	0.359947	0.336491	-0.0872461	2
396.095	3.32888	2.51029	0.000322616	0.000103244	0.93038	0.366597	0.270847	0.171718	2
396.295	3.29883	2.53201	1.7711e-05	8.09082e-05	0.933803	0.357788	0.232249	0.332403	2
396.495	3.26523	2.56118	-0.000154492	0.000105931	0.943089	0.332541	0.203456	0.453606	2
396.695	3.23322	2.58565	-0.000130431	9.34725e-05	0.954067	0.299592	0.198467	0.506857	2
396.896	3.15502	2.61315	-0.000109741	9.06268e-05	0.964629	0.263611	0.21335	0.498216	2
397.095	3.11695	2.63377	-7.48847e-05	6.80211e-05	0.973449	0.228905	0.239056	0.480853	2
397.295	3.07214	2.6539	0.000111037	0.000115644	0.980393	0.197053	0.247027	0.496785	2
397.495	3.04294	2.67643	0.000241927	0.00021659	0.986874	0.161489	0.244747	0.446088	2
397.695	2.9962	2.68998	0.000286649	0.000279039	0.990944	0.134273	0.224337	0.38022	2
397.895	2.9642	2.69769	0.000231509	0.000209752	0.993167	0.116698	0.201966	0.308454	2
398.095	2.92289	2.70608	1.23211e-05	0.000122687	0.99549	0.0948657	0.201092	0.382818	2
398.295	2.85737	2.7174	-0.000121318	3.80705e-05	0.997532	0.0702063	0.202966	0.28647	2
398.495	2.81761	2.7219	3.58972e-06	5.61571e-05	0.998687	0.0512242	0.203923	0.157681	2
398.695	2.79259	2.71657	-0.00017421	-3.78136e-05	0.999021	0.0442434	0.201267	0.144156	2
398.895	2.75326	2.71962	-2.49484e-05	6.95185e-05	0.999376	0.0353271	0.202862	0.0681177	2
399.095	2.71392	2.72217	-6.98178e-05	5.49286e-05	0.999526	0.0307939	0.202757	0.0474343	2
399.295	2.68531	2.72182	-8.10293e-05	4.25398e-05	0.999586	0.0287591	0.201526	0.06715	2
399.495	2.64604	2.72398	-2.50841e-05	4.63186e-05	0.999673	0.025566	0.201846	0.00859904	2
399.695	2.60676	2.72602	-0.00010934	-1.73138e-06	0.999661	0.0260407	0.202091	0.00810604	2
399.895	2.58829	2.72221	-4.47931e-05	2.61843e-05	0.999549	0.0300165	0.202296	-0.0064568	2
400.095	2.54899	2.72464	-0.000145346	6.23705e-05	0.999465	0.0326987	0.200722	0.0462039	2
400.296	2.50983	2.72705	-1.59448e-05	2.1769e-05	0.999546	0.0301301	0.201909	0.00244909	2
400.496	2.4519	2.73744	-2.98535e-05	5.26679e-05	0.99965	0.0264478	0.20099	0.0318118	2
400.695	2.4128	2.73948	-4.69845e-05	5.45197e-05	0.999696	0.0246704	0.20257	-0.0224965	2
400.895	2.37364	2.74158	-0.000108297	5.40334e-05	0.999701	0.0244635	0.20426	-0.103051	2
401.095	2.31783	2.7406	-4.54022e-05	5.16526e-05	0.999586	0.0287638	0.202336	0.0105623	2
401.295	2.2786	2.74292	-0.000123472	8.93641e-06	0.999577	0.0290744	0.202878	-0.00798611	2
401.495	2.23941	2.74537	-6.2471e-05	6.31918e-05	0.9996	0.0282673	0.201661	0.0326635	2
401.695	2.24753	2.74735	-8.61161e-05	4.23865e-05	0.999636	0.0269626	0.204234	-0.075895	2
401.895	2.20825	2.74968	-3.8626e-05	6.27502e-05	0.999539	0.0303759	0.202118	0.023152	2
402.095	2.16904	2.75199	-0.000151903	-5.07219e-06	0.999532	0.0306038	0.202127	0.00184901	2
402.295	2.12578	2.75494	-6.14975e-05	4.6715e-05	0.999527	0.0307417	0.204157	-0.0274617	2
402.495	2.08633	2.75742	-0.000113959	4.56802e-05	0.99951	0.0312932	0.203432	-0.0039696	2
402.695	2.04692	2.7599	-5.21978e-05	3.54232e-05	0.999467	0.0326455	0.202851	0.0125019	2
402.895	1.96995	2.7643	-4.23928e-05	2.78662e-05	0.999466	0.0326639	0.202541	-0.00288337	2
403.095	1.92767	2.76698	-4.89747e-05	2.61508e-05	0.999459	0.0328882	0.203174	-0.0144553	2
403.295	1.88842	2.76952	-6.28194e-05	3.23397e-05	0.999443	0.0333707	0.203007	-0.000477193	2
403.496	1.89017	2.77066	-4.40488e-05	3.4883e-05	0.999498	0.0316848	0.202499	0.00561244	2
403.695	1.85086	2.77305	-2.47497e-05	3.46172e-05	0.999519	0.0309965	0.202963	-0.0112141	2
403.895	1.81151	2.77537	-0.000132354	-1.82283e-05	0.999471	0.0325318	0.204411	-0.0425298	2
404.095	1.75472	2.77893	-1.75968e-05	5.08778e-05	0.999402	0.0345852	0.203525	0.00410346	2
404.295	1.71536	2.7816	-5.02831e-05	3.34307e-05	0.999441	0.0334282	0.201876	0.0558413	2
404.495	1.6761	2.78404	-3.10673e-05	2.96494e-05	0.999487	0.0320174	0.204301	-0.0588929	2
404.695	1.63467	2.78738	-0.000122217	-1.32925e-05	0.99937	0.0354827	0.20308	0.0212913	2
404.895	1.59535	2.79007	-2.97349e-05	3.08161e-05	0.999384	0.0350971	0.202984	-0.000483177	2
405.095	1.55593	2.79265	-1.016e-05	7.43861e-05	0.999416	0.0341795	0.203044	-0.00931782	2
405.296	1.53432	2.79272	-7.0399e-05	3.88022e-05	0.999426	0.0338759	0.204692	0.00197417	2
405.495	1.50475	2.79465	-4.24317e-05	4.37008e-05	0.999443	0.0333598	0.203571	-0.012799	2
405.695	1.46543	2.7973	1.07389e-05	5.3209e-05	0.999456	0.0329815	0.203252	-0.00549236	2
405.895	1.3822	2.80744	-2.7238e-05	5.79766e-05	0.999479	0.0322877	0.202818	0.00124978	2
406.095	1.34295	2.80991	-9.24989e-05	3.08691e-06	0.999503	0.0315249	0.20241	0.0140836	2
406.295	1.31147	2.81144	-2.45824e-05	3.17783e-05	0.999517	0.0310898	0.203598	0.0190086	2
406.495	1.29185	2.81167	-1.09039e-05	5.06196e-05	0.999505	0.031455	0.203124	-0.0247135	2
406.695	1.25254	2.81417	6.97004e-06	5.89309e-05	0.999467	0.0326343	0.203092	-0.00308245	2
406.895	1.23108	2.81628	-2.92452e-05	1.75257e-05	0.999523	0.0308872	0.203112	-0.036232	2
407.095	1.19195	2.81869	-2.61746e-05	4.28394e-05	0.999492	0.0318802	0.202776	0.0166777	2
407.295	1.15259	2.82119	-0.000100099	-1.35558e-05	0.999518	0.0310297	0.203348	-0.0250057	2
407.495	1.08457	2.82142	-2.82295e-05	3.58166e-05	0.99943	0.0337506	0.202652	0.0257751	2
407.695	1.04529	2.82388	-3.41139e-05	6.41996e-05	0.999427	0.0338418	0.201872	0.00449488	2
407.895	1.00617	2.82648	-6.69707e-05	1.94346e-05	0.999408	0.0344022	0.204119	0.00754146	2
408.095	0.969651	2.83206	-4.84087e-05	6.2562e-05	0.999402	0.0345828	0.202274	0.0133631	2
408.295	0.930405	2.83471	-4.68494e-05	5.44513e-05	0.999372	0.0354354	0.203708	-0.0106986	2
408.495	0.891061	2.83746	-3.19503e-05	5.4273e-05	0.99937	0.0354771	0.202539	0.0205703	2
408.695	0.896684	2.83684	-7.53986e-05	2.59288e-05	0.999413	0.0342563	0.202252	0.0326512	2
408.895	0.857477	2.83937	-4.50035e-05	5.91387e-05	0.999421	0.0340197	0.202928	0.00966227	2
409.095	0.818128	2.84183	-0.000129725	3.73144e-06	0.999405	0.0345026	0.202592	0.0297133	2
409.296	0.751465	2.84785	-2.03466e-05	4.76285e-05	0.999446	0.0332961	0.203138	-0.0105466	2
409.495	0.712198	2.8503	-5.59784e-05	3.56621e-05	0.999423	0.033952	0.203506	-0.0261735	2
409.695	0.67288	2.85296	8.5239e-06	4.71661e-05	0.999364	0.0356594	0.203851	0.00404047	2
409.895	0.62352	2.85661	-0.000120829	-2.24278e-05	0.999389	0.0349645	0.20456	-0.0124695	2
410.095	0.584137	2.85919	4.22663e-06	8.32951e-05	0.999374	0.0353847	0.203163	-0.00687724	2
410.295	0.543078	2.86298	-8.64284e-06	5.61109e-05	0.999409	0.0343875	0.202655	0.0449146	2
410.495	0.513563	2.86493	-0.000138537	5.33333e-05	0.99944	0.0334528	0.203115	-0.00402734	2
410.695	0.474298	2.8674	-4.63311e-05	4.39737e-05	0.999408	0.0343924	0.203252	0.0106952	2
410.895	0.46035	2.86864	1.1956e-05	4.14797e-05	0.99945	0.0331713	0.204202	-0.0418005	2
411.095	0.420885	2.8712	-4.85738e-05	3.24659e-05	0.99945	0.0331544	0.203227	-0.0187777	2
411.295	0.381569	2.87364	-0.000113155	-1.45622e-05	0.999446	0.033277	0.203175	0.0111315	2
411.495	0.327371	2.87658	1.37457e-07	4.3461e-05	0.999447	0.0332385	0.203599	0.010069	2
411.695	0.288007	2.87905	-7.10323e-07	3.13479e-05	0.999416	0.0341821	0.203837	0.0287458	2
411.895	0.248539	2.88157	1.74334e-05	6.53964e-05	0.999382	0.035145	0.20381	0.0316911	2
412.096	0.208252	2.88606	-5.87559e-05	2.94395e-05	0.999435	0.0336149	0.204106	-0.0292314	2
412.295	0.168923	2.88872	1.06911e-05	5.71771e-05	0.999416	0.0341609	0.202489	0.0639137	2
412.495	0.129652	2.89109	-9.4175e-05	-3.42408e-06	0.999504	0.0314913	0.202323	0.0206585	2
412.695	0.108009	2.88826	-3.03941e-05	5.6516e-05	0.999548	0.0300534	0.203327	-0.0261745	2
412.895	0.0686871	2.89064	-0.000110233	-6.55949e-07	0.999517	0.031075	0.20282	-0.000959555	2
413.095	0.0391919	2.89236	-0.000172921	-4.29164e-05	0.999497	0.0317261	0.201397	0.0102363	2
413.295	-0.00864895	2.89848	-1.5322e-05	4.98743e-05	0.999526	0.0307969	0.203933	-0.0654507	2
413.495	-0.0480157	2.90091	-8.37756e-05	3.28274e-05	0.999437	0.0335631	0.203783	-0.024255	2
413.695	-0.087327	2.90352	-5.71275e-05	5.44079e-05	0.999365	0.0356399	0.202583	-0.020465	2
413.895	-0.122768	2.90624	-6.91292e-05	3.30666e-05	0.999318	0.0369393	0.202364	0.0354904	2
414.095	-0.162049	2.90888	-3.17539e-05	4.57457e-05	0.999305	0.0372828	0.200993	0.0777251	2
414.295	-0.20126	2.91146	-0.000116565	1.38908e-05	0.999381	0.0351917	0.202701	0.0214352	2
414.495	-0.241575	2.91331	-1.88767e-05	6.62946e-05	0.999332	0.0365449	0.203567	-0.00898075	2
414.695	-0.280913	2.91614	-7.31361e-05	4.39199e-05	0.999306	0.0372515	0.20301	0.0477083	2
414.895	-0.320299	2.91896	-1.67023e-05	5.73566e-05	0.999305	0.0372873	0.203306	0.0254201	2
415.095	-0.361159	2.92167	-0.00012706	7.46604e-06	0.999385	0.0350749	0.202875	0.00471886	2
415.295	-0.400352	2.92419	-4.69236e-05	5.13036e-05	0.99942	0.0340522	0.204685	0.0276704	2
415.495	-0.439879	2.92672	-0.000107112	4.52238e-05	0.999432	0.0336904	0.203523	0.0346842	2
415.695	-0.474544	2.9285	-0.000137132	-3.22074e-05	0.999431	0.0337184	0.203889	-0.0179222	2
415.895	-0.513869	2.9311	-6.2791e-06	3.39239e-05	0.999419	0.0340771	0.201387	0.0323184	2
416.095	-0.553022	2.93354	1.38376e-05	4.72202e-05	0.999445	0.0333089	0.20186	0.00759485	2
416.296	-0.583091	2.93841	2.31811e-05	8.69614e-05	0.99956	0.0296571	0.201591	0.0145122	2
416.495	-0.622284	2.94076	-3.13755e-05	8.68031e-06	0.999545	0.0301749	0.20192	0.0303477	2
416.695	-0.673815	2.94371	-2.75718e-06	3.87614e-05	0.999461	0.0328307	0.201952	0.0146655	2
416.896	-0.713023	2.94628	-4.98637e-05	6.21385e-05	0.999479	0.032271	0.203766	-0.0542467	2
417.095	-0.75237	2.94889	-2.31403e-06	2.88774e-05	0.999377	0.0352924	0.202311	0.0574718	2
417.295	-0.797184	2.952	-2.93082e-05	1.86132e-05	0.999428	0.0338091	0.203471	0.0149316	2
417.495	-0.836712	2.95464	3.37733e-05	5.80839e-05	0.999431	0.0337277	0.20401	-0.0112068	2
417.695	-0.876164	2.95732	-0.000102008	-2.45375e-05	0.9994	0.0346468	0.20277	0.0184879	2
417.895	-0.903024	2.95872	6.29035e-06	5.01012e-05	0.999425	0.0339108	0.20281	0.0630616	2
418.095	-0.942376	2.9611	-9.03837e-05	3.09785e-05	0.999468	0.0326152	0.202866	0.0367875	2
418.295	-0.971902	2.9629	-0.00016581	-5.40976e-05	0.999488	0.0320091	0.202649	-0.0144342	2
418.495	-1.00041	2.96537	-1.14551e-05	3.40029e-05	0.999437	0.0335421	0.201814	0.0360471	2
418.696	-1.03962	2.96798	-1.70418e-05	2.23903e-05	0.999482	0.032198	0.204145	-0.0466442	2
418.895	-1.07896	2.97055	-3.85192e-05	3.50068e-05	0.99942	0.0340679	0.203467	-0.0165703	2
419.095	-1.13945	2.97467	-2.62529e-05	4.60121e-05	0.999385	0.0350555	0.203135	0.0434217	2
419.295	-1.17886	2.9773	-1.19728e-05	5.69417e-05	0.999437	0.0335505	0.203969	0.0113977	2
419.495	-1.21833	2.97976	-0.000110838	-8.02952e-06	0.999413	0.0342688	0.202399	0.0335505	2
419.696	-1.24046	2.98157	2.2168e-05	5.69756e-05	0.999452	0.033095	0.202738	-0.0104816	2
419.895	-1.2798	2.98415	-4.8226e-06	2.17977e-05	0.999417	0.0341334	0.201362	0.0561915	2
420.095	-1.31898	2.98673	-4.30036e-06	4.53493e-05	0.999465	0.0327038	0.202856	0.0492493	2
420.295	-1.35362	2.99015	-9.99402e-05	-2.39538e-05	0.999517	0.0310917	0.201912	0.0660868	2
420.495	-1.39293	2.99238	-1.6129e-05	5.30184e-05	0.999552	0.0299166	0.204975	-0.0640884	2
420.695	-1.43237	2.99481	-7.40056e-05	3.41985e-05	0.999468	0.0326075	0.201797	0.0130271	2
420.895	-1.47907	2.99447	-0.000176575	-6.85236e-06	0.999409	0.0343817	0.202851	-0.00796666	2
421.095	-1.51839	2.99709	-1.0092e-05	5.3789e-05	0.99942	0.0340473	0.203712	-0.00519556	2
421.295	-1.55785	2.99971	1.00722e-05	7.04492e-05	0.999397	0.0347233	0.202693	0.044756	2
421.495	-1.59493	3.00376	-3.28097e-05	2.79736e-05	0.999413	0.034254	0.20414	-0.0179446	2
421.695	-1.63431	3.00637	-9.81039e-05	1.01524e-05	0.999377	0.0352979	0.202495	0.0510031	2
421.895	-1.67346	3.00908	-3.89625e-06	8.65345e-05	0.999478	0.032303	0.202147	0.0198728	2
422.095	-1.72158	3.01388	-7.89207e-05	5.23294e-05	0.999518	0.0310351	0.204137	-0.0149025	2
422.295	-1.76103	3.01637	-2.23373e-06	5.83894e-05	0.999482	0.0321838	0.204306	-0.0207302	2
422.495	-1.79941	3.01914	-4.06864e-05	2.7114e-05	0.99947	0.0325631	0.204433	-0.0370734	2
422.695	-1.83812	3.02178	-4.17862e-06	6.13273e-05	0.999443	0.0333791	0.201125	0.047605	2
422.895	-1.87732	3.02415	-0.000115018	2.66864e-06	0.99953	0.0306413	0.202735	0.0272411	2
423.096	-1.91671	3.02642	-3.14627e-05	6.04736e-05	0.999529	0.0306913	0.203552	-0.0370161	2
423.295	-1.9413	3.02799	-9.10027e-06	1.92573e-05	0.999491	0.0319161	0.203073	0.00691105	2
423.495	-1.98067	3.03034	-0.000125138	-4.45419e-05	0.999503	0.0315377	0.20149	0.0491416	2
423.695	-2.01304	3.02663	1.92072e-05	3.4167e-05	0.999577	0.0290809	0.204532	-0.0385348	2
423.895	-2.05244	3.02884	-1.7257e-05	2.86652e-05	0.999524	0.0308417	0.203658	-0.0125347	2
424.095	-2.09182	3.03118	1.86274e-05	1.98606e-05	0.999473	0.0324496	0.203178	0.0262345	2
424.295	-2.13024	3.04255	4.55056e-06	6.23812e-05	0.999612	0.0278425	0.203264	-0.00881682	2
424.495	-2.16944	3.04456	1.66125e-06	3.06122e-05	0.999627	0.0273105	0.202825	0.0574218	2
424.695	-2.20575	3.04779	-6.30995e-05	-1.27147e-05	0.99964	0.0268272	0.204327	0.0103503	2
424.895	-2.24214	3.05094	1.0236e-05	3.9323e-05	0.999642	0.0267514	0.21213	0.248233	2
425.095	-2.28398	3.05258	6.0779e-05	6.15772e-05	0.999912	0.0132919	0.213927	0.174422	2
425.295	-2.34273	3.04904	5.35573e-05	5.3495e-05	0.999938	0.0111265	0.215187	0.148168	2
425.495	-2.38507	3.04984	4.24117e-05	3.29273e-05	0.999999	0.0016682	0.21906	0.0571597	2
425.695	-2.42799	3.05029	-5.01557e-05	-1.3853e-05	0.999998	-0.00217064	0.217884	0.0865006	2
425.895	-2.45178	3.0514	-6.10837e-05	-1.21423e-05	0.999966	-0.00822578	0.221601	-0.0235669	2
426.096	-2.49475	3.05142	-2.78928e-05	-1.91494e-05	0.999961	-0.00881598	0.220282	0.0206606	2
426.295	-2.53778	3.0514	-4.79883e-05	4.47759e-05	0.999939	-0.0110845	0.220972	-0.00500038	2
426.495	-2.57854	3.05183	6.14313e-05	5.93081e-05	0.999998	-0.0019529	0.225335	-0.439573	2
426.695	-2.62129	3.05309	1.56688e-05	2.86799e-06	0.999618	0.0276389	0.218994	-0.377667	2
426.895	-2.66298	3.05622	1.22786e-05	6.18307e-05	0.998478	0.0551482	0.219723	-0.386787	2
427.095	-2.71812	3.062	2.3546e-05	5.49862e-05	0.996445	0.0842478	0.215854	-0.323658	2
427.295	-2.75848	3.06889	-1.06205e-05	2.40067e-05	0.994032	0.109086	0.215617	-0.317736	2
427.495	-2.79834	3.0775	9.7963e-06	3.55963e-05	0.991203	0.132347	0.214075	-0.239738	2
427.695	-2.83174	3.08548	8.61235e-06	6.1842e-05	0.988482	0.151336	0.214443	-0.183787	2
427.896	-2.86916	3.09635	-2.3525e-05	8.12269e-05	0.986495	0.163791	0	1.3	3
428.095	-2.89347	3.10233	5.19838e-05	5.52682e-05	0.992294	0.123905	0.214201	-0.202637	2
428.295	-2.92019	3.11536	2.30681e-05	5.40526e-05	0.990745	0.135736	0.214843	-0.162774	2
428.495	-2.94869	3.12315	-8.06885e-05	5.40823e-05	0.988856	0.148872	0.214079	-0.220865	2
428.695	-2.98758	3.13435	-5.32189e-05	5.60283e-05	0.984974	0.172704	0.220522	-0.395973	2
428.895	-3.0364	3.14909	1.44217e-05	2.8313e-05	0.977937	0.208898	0.216093	-0.329206	2
429.095	-3.07353	3.16517	-1.46494e-05	6.15739e-05	0.970954	0.239267	0.214998	-0.299272	2
429.295	-3.1095	3.18345	1.34288e-05	5.65157e-05	0.963101	0.26914	0.217153	-0.35003	2
429.495	-3.14631	3.20174	-1.69268e-05	7.40072e-05	0.953942	0.29999	0.214492	-0.278047	2
429.695	-3.1793	3.22444	-6.08756e-05	9.15819e-05	0.945751	0.324893	0.218958	-0.377189	2
429.895	-3.21118	3.24926	-7.95714e-05	8.68199e-05	0.935363	0.35369	0.215786	-0.322022	2
430.095	-3.24313	3.27664	-0.000180363	8.11243e-05	0.924892	0.380229	0.218347	-0.368816	2
430.296	-3.27308	3.30668	2.90659e-05	2.72851e-05	0.907455	0.420149	0.236754	-0.632295	2
430.495	-3.29833	3.33838	-1.46049e-05	7.97696e-05	0.889189	0.457541	0.231633	-0.177932	2
430.695	-3.32324	3.37418	-5.68706e-05	9.26459e-05	0.881577	0.47204	0.230213	-0.230433	2
430.895	-3.34667	3.41062	-1.53996e-05	5.42224e-05	0.871814	0.489838	0.22929	-0.269669	2
431.095	-3.36315	3.43862	-8.45695e-05	4.28504e-05	0.865039	0.501705	0.227596	-0.196784	2
431.295	-3.38159	3.47348	2.76881e-05	2.74848e-05	0.858266	0.513206	0.228593	-0.291649	2
431.495	-3.40105	3.5119	1.7706e-05	4.13464e-05	0.848231	0.529626	0.227447	-0.183764	2
431.695	-3.41922	3.54867	7.16313e-06	6.78416e-05	0.841691	0.53996	0.22651	-0.197116	2
431.895	-3.43669	3.58046	-1.33644e-05	1.7771e-05	0.83339	0.552685	0.227121	-0.234503	2
432.096	-3.45233	3.62061	-3.57023e-05	2.29852e-05	0.824004	0.566584	0.227064	-0.236138	2
432.295	-3.46648	3.66916	1.19785e-05	5.41464e-05	0.814601	0.580022	0.227466	-0.259941	2
432.495	-3.47927	3.71039	-1.95296e-06	2.67306e-05	0.806822	0.590795	0.227024	-0.23606	2
432.695	-3.49099	3.75197	4.21012e-05	3.76756e-05	0.798203	0.602389	0.225073	-0.13654	2
432.895	-3.4997	3.78628	-9.683e-05	-1.00285e-05	0.794603	0.607129	0.225711	-0.166821	2
433.095	-3.50961	3.82837	2.82686e-05	4.49435e-06	0.786604	0.617457	0.226372	-0.200351	2
433.295	-3.51844	3.87079	2.96445e-05	-3.52818e-05	0.779972	0.625814	0.226908	-0.221623	2
433.495	-3.52213	3.91361	3.27131e-06	4.29296e-05	0.774664	0.632373	0.225994	-0.181355	2
433.695	-3.52916	3.95712	-6.57432e-05	1.76167e-05	0.76793	0.640534	0.226109	-0.184441	2
433.896	-3.53545	4.00004	4.24795e-05	2.78342e-06	0.762766	0.646674	0.226103	-0.181908	2
434.095	-3.54202	4.03269	8.02893e-05	-4.94794e-05	0.75675	0.653704	0.226555	-0.190751	2
434.295	-3.54683	4.07594	7.50742e-05	-1.25441e-05	0.750566	0.660796	0.225707	-0.163777	2
434.495	-3.55091	4.11929	1.85457e-06	-2.7178e-05	0.745293	0.666737	0.227622	-0.228907	2
434.695	-3.55634	4.16493	6.79097e-05	9.31329e-06	0.73756	0.675282	0.22523	-0.142296	2
434.895	-3.55889	4.20839	7.84463e-05	-4.66149e-05	0.732294	0.680989	0.225113	-0.134297	2
435.095	-3.56079	4.25184	3.97509e-05	2.196e-05	0.728465	0.685083	0.22424	-0.104989	2
435.295	-3.55663	4.29879	7.80639e-05	-7.22828e-06	0.728919	0.6846	0.227378	-0.210615	2
435.495	-3.55804	4.34246	0.000109456	-4.11243e-05	0.722149	0.691738	0.211987	-0.587498	2
435.695	-3.55817	4.38227	6.44155e-05	-5.01682e-05	0.696978	0.717093	0.208382	-0.26646	2
435.895	-3.55407	4.41241	0.000117324	-5.63253e-06	0.688215	0.725507	0.204727	-0.115985	2
436.095	-3.55244	4.44197	4.77028e-05	1.18001e-05	0.684491	0.729022	0.203319	-0.026387	2
436.295	-3.55017	4.48127	9.29814e-05	-3.35879e-05	0.682055	0.731301	0.205933	-0.00446906	2
436.495	-3.54909	4.53058	8.80073e-05	-5.51777e-05	0.679448	0.733723	0.204344	0.00543677	2
436.695	-3.54648	4.57008	0.000130636	-5.00562e-05	0.679117	0.73403	0.204605	-0.00506088	2
436.895	-3.54282	4.60871	8.79653e-06	-1.4766e-05	0.67908	0.734064	0.204331	0.0188386	2
437.095	-3.53824	4.64553	9.25959e-05	-3.49647e-05	0.679777	0.733419	0.205061	-0.0064296	2
437.295	-3.53547	4.6852	9.53266e-06	1.76141e-05	0.68078	0.732488	0.203778	0.08393	2
437.495	-3.53166	4.72241	6.25662e-05	-1.71598e-06	0.681634	0.731694	0.204021	-0.00190369	2
437.695	-3.528	4.75977	9.94581e-05	-4.02036e-05	0.680686	0.732575	0.20425	0.0288819	2
437.895	-3.52542	4.79944	0.000106318	-2.63305e-05	0.682258	0.731111	0.203355	0.0609911	2
438.095	-3.52299	4.83888	7.49862e-05	-3.96337e-05	0.683991	0.729491	0.204512	-0.0199364	2
438.295	-3.518	4.87697	0.000102961	-2.36045e-05	0.685043	0.728503	0.204386	0.00985193	2
438.495	-3.51581	4.91659	0.000130094	-4.97796e-05	0.684377	0.729128	0.204722	-0.0143832	2
438.696	-3.51455	4.94798	8.82965e-05	-3.4208e-05	0.69059	0.723246	0.211942	0.239369	2
438.895	-3.52051	4.98145	0.000108763	-1.22183e-05	0.702946	0.711244	0.216037	0.130584	2
439.095	-3.52021	5.02386	9.05045e-05	-2.87418e-05	0.70915	0.705057	0.216518	0.111395	2
439.295	-3.52033	5.06663	8.07962e-05	-3.27089e-05	0.7128	0.701367	0.218979	0.056379	2
439.495	-3.52706	5.12482	9.31536e-05	-2.65687e-05	0.711843	0.702339	0.220838	0.000978143	2
439.695	-3.52716	5.1679	1.96106e-05	-2.49875e-05	0.712882	0.701284	0.220312	0.0157508	2
439.896	-3.52731	5.21097	0.000116838	-2.96597e-05	0.713515	0.70064	0.221273	-0.0116087	2
440.095	-3.51772	5.24924	1.13733e-05	-6.83439e-05	0.704403	0.709801	0.228056	-0.458676	2
440.295	-3.51622	5.29209	0.000134951	-5.97302e-05	0.682319	0.731055	0.221384	-0.405089	2
440.495	-3.51262	5.33377	0.000104363	-3.50481e-05	0.661787	0.749692	0.216584	-0.339489	2
440.695	-3.50677	5.36283	8.28234e-05	-8.31839e-05	0.645845	0.763469	0.215417	-0.312314	2
440.895	-3.50003	5.4031	0.000102031	-7.21265e-05	0.628031	0.778188	0.214146	-0.252242	2
441.095	-3.48957	5.42333	0.000104397	-5.44034e-05	0.614077	0.789246	0.214105	-0.215083	2
441.295	-3.48268	5.45177	7.78893e-05	-9.09979e-06	0.601863	0.798599	0.214669	-0.171095	2
441.495	-3.4721	5.49123	8.16745e-05	-4.19419e-05	0.588351	0.808605	0	1.3	3
441.695	-3.46606	5.51518	9.79307e-05	-6.96559e-05	0.620637	0.784098	0.214276	-0.19575	2
441.895	-3.45155	5.58432	9.47595e-05	-2.28473e-05	0.603679	0.797227	0.215784	-0.128277	2
442.095	-3.44125	5.6239	0.000101455	-4.32404e-05	0.590029	0.807382	0.216718	-0.342091	2
442.295	-3.43209	5.66286	4.50737e-05	-3.25451e-05	0.567252	0.823544	0.221027	-0.401406	2
442.495	-3.42205	5.70148	6.0877e-05	-5.34172e-05	0.536655	0.843802	0.215428	-0.312636	2
442.695	-3.40536	5.7384	6.33455e-05	-1.94552e-05	0.509036	0.860745	0.21686	-0.344766	2
442.895	-3.38508	5.7746	-2.77153e-05	-7.90945e-06	0.482331	0.875989	0.215523	-0.315233	2
443.095	-3.36312	5.80915	4.47019e-05	-6.00013e-05	0.456252	0.889851	0.215294	-0.30876	2
443.295	-3.3398	5.84183	6.60823e-05	-3.20402e-05	0.430729	0.902481	0.216931	-0.34606	2
443.495	-3.30819	5.87351	5.79708e-05	-1.4195e-05	0.404884	0.914368	0.217319	-0.35287	2
443.695	-3.28709	5.89595	4.59565e-05	3.26109e-05	0.385926	0.92253	0.244049	-0.746671	2
443.895	-3.25634	5.92622	8.04241e-05	-5.39177e-05	0.340385	0.940286	0.231457	-0.350573	2
444.095	-3.22458	5.95396	6.92249e-05	-7.32503e-05	0.312628	0.949876	0.23064	-0.24564	2
444.296	-3.2095	5.98502	6.07184e-05	-3.07138e-05	0.293898	0.955837	0.229832	-0.238355	2
444.495	-3.17313	6.00883	-7.22606e-05	-1.11286e-05	0.276655	0.960969	0.228521	-0.239372	2
444.695	-3.13416	6.02511	2.97672e-05	-6.46486e-05	0.261995	0.965069	0.228803	-0.281651	2
444.895	-3.09642	6.04613	-1.78128e-05	3.00921e-05	0.244131	0.969742	0.228239	-0.185687	2
445.095	-3.05796	6.06574	8.23132e-05	-0.000104055	0.23098	0.972959	0.227962	-0.27856	2
445.295	-2.98828	6.08289	6.06614e-05	-7.82757e-05	0.213139	0.977022	0.227818	-0.286232	2
445.495	-2.94864	6.0997	7.21404e-05	-8.20472e-05	0.194574	0.980888	0.227178	-0.232119	2
445.695	-2.90826	6.11501	8.52296e-06	-9.71535e-05	0.181849	0.983327	0.226741	-0.201837	2
445.895	-2.87838	6.13173	2.77829e-05	-0.00011355	0.168263	0.985742	0.226861	-0.220134	2
446.095	-2.83723	6.14474	5.73068e-05	-8.42582e-05	0.157109	0.987581	0.225488	-0.146884	2
446.295	-2.80618	6.15394	3.62606e-05	-6.29745e-05	0.149733	0.988726	0.226286	-0.19123	2
446.495	-2.71755	6.16999	3.92919e-05	-0.00227934	0.137997	0.99043	0.847757	-0.407093	1
446.695	-2.56354	6.209	0.000470629	-0.00626567	0.12239	0.992462	0.838329	-0.340267	1
446.895	-2.41276	6.24252	0.00091691	-0.0101447	0.111616	0.993699	0.81429	-0.370967	1
447.095	-2.26031	6.26943	0.00122863	-0.0138933	0.100103	0.994879	0.858433	-0.321893	1
447.295	-2.10493	6.29728	0.00151566	-0.0180531	0.0911835	0.995669	0.855345	-0.308131	1
447.495	-1.948	6.32271	0.00172381	-0.02232	0.0813309	0.996436	0.866156	-0.239227	1
447.695	-1.81554	6.35039	0.00187791	-0.0266893	0.0714457	0.997086	0.881693	-0.251164	1
447.895	-1.6541	6.37071	0.00204543	-0.0311915	0.0647735	0.99741	0.868172	-0.184643	1
448.095	-1.49516	6.38916	0.00230731	-0.0355755	0.0618885	0.997446	0.880771	-0.202085	1
448.295	-1.35593	6.4084	0.00246584	-0.0401673	0.0575902	0.997529	0.891451	-0.195144	1
448.495	-1.19233	6.42517	0.00268762	-0.0448039	0.0548124	0.997487	0.900755	-0.201208	1
448.695	-1.02796	6.44094	0.00280012	-0.049506	0.0505784	0.997488	0.752679	-0.226092	1
448.895	-0.887247	6.45071	0.00286293	-0.0532402	0.0473428	0.997455	0.881706	-0.114342	1
449.095	-0.724884	6.46469	0.0034021	-0.0578218	0.050496	0.997043	0.731441	-0.0712493	1
449.295	-0.587172	6.47767	0.00385741	-0.0611609	0.0535272	0.996684	0.594384	-0.0975823	1
449.495	-0.462634	6.48683	0.00406239	-0.063206	0.0538402	0.996539	0.46935	-0.114339	1
449.695	-0.375403	6.49516	0.00399154	-0.0641023	0.0511209	0.996625	0.379411	-0.131076	1
449.895	-0.331202	6.5042	0.00363587	-0.0641953	0.045056	0.996913	0.31652	-0.147075	1
450.095	-0.272305	6.50859	0.00323947	-0.0637263	0.0384568	0.997221	0.272146	-0.161717	1
450.295	-0.223452	6.51153	0.00265385	-0.0628251	0.0302685	0.997562	0.225017	-0.163133	1
450.495	-0.201379	6.5154	0.00203074	-0.0614905	0.020892	0.997887	0.194486	-0.171082	1
450.695	-0.165557	6.51627	0.00136783	-0.0599319	0.0106774	0.998144	0.164588	-0.179887	1
450.895	-0.136288	6.51638	0.000704082	-0.0580548	-6.74178e-05	0.998313	0.134673	-0.180386	1
451.095	-0.0922385	6.51212	0.000293343	-0.0558707	-0.00796909	0.998406	0	0	1
