time	x	y	orientation_x	orientation_y	orientation_z	orientation_w	linear_vel	angular_vel	controller_flag
398.74	-0.00245968	-5.89727	0.00262274	-0.00166407	0.756894	0.653531	0.725435	1.82059	1
398.963	-0.0320755	-5.78172	0.00471514	-0.00298802	0.830029	0.557692	0.491819	1.5409	1
399.136	-0.0685506	-5.70583	0.00597098	-0.00341853	0.870641	0.491871	0.550123	1.16516	1
399.34	-0.186519	-5.60726	0.00796599	-0.00378159	0.907934	0.419021	0.726001	0.795684	1
399.54	-0.301068	-5.50859	0.0105288	-0.0040726	0.933661	0.357979	0.724218	0.71813	1
399.738	-0.366076	-5.41414	0.0138795	-0.00464156	0.947919	0.318174	0.77928	0.469839	1
399.936	-0.495936	-5.32227	0.0175459	-0.00525606	0.957099	0.289181	0.79776	0.491432	1
400.136	-0.641743	-5.24342	0.020461	-0.00767169	0.941059	0.337536	0.712625	-2.19605	2
400.337	-0.733329	-5.14391	0.0221464	-0.0122721	0.880793	0.472824	0.799184	-1.24467	2
400.536	-0.784195	-5.0084	0.0245388	-0.016428	0.840348	0.541242	0.946063	-2.04859	2
400.736	-0.826757	-4.88865	0.0260394	-0.019477	0.798798	0.600719	0	0.8	3
400.936	-0.828047	-4.88219	0.0243394	-0.0154265	0.830736	0.55592	0	0.8	3
401.137	-0.839279	-4.85686	0.0232732	-0.0138721	0.859084	0.511116	0.363736	0.648892	2
401.336	-0.855333	-4.83028	0.0228746	-0.0112566	0.893254	0.448828	0	0.8	3
401.536	-0.869865	-4.81186	0.0216503	-0.00863406	0.927233	0.373759	0	0.8	3
401.736	-0.870423	-4.81	0.0196972	-0.00681106	0.943769	0.329947	0	0.8	3
401.936	-0.879605	-4.84879	0.016793	-0.00477451	0.961627	0.273805	0	0.8	3
402.136	-0.90982	-4.8318	0.0151358	-0.00302971	0.979853	0.199121	0	0.8	3
402.34	-0.968313	-4.7639	0.0149503	-0.00176915	0.991572	0.128676	0.509151	0.875327	2
402.51	-1.0624	-4.74526	0.0160272	-0.00110804	0.99658	0.081059	0.411075	0.612361	2
402.702	-1.12313	-4.73774	0.0163408	-0.000547949	0.998755	0.0471288	0.404028	0.647376	2
402.886	-1.2092	-4.73283	0.0169399	-6.05622e-05	0.999783	0.0121329	0.403555	0.238542	2
403.086	-1.28965	-4.73253	0.0176383	4.77324e-05	0.999843	-0.00140945	0.404698	0.0579012	2
403.286	-1.37021	-4.73312	0.0184346	-6.38787e-06	0.999819	-0.00479327	0.404677	-0.0158187	2
403.486	-1.45827	-4.73189	0.0191693	-2.22679e-05	0.999811	-0.00328948	0.405235	0.0592487	2
403.686	-1.53876	-4.73239	0.0198594	-0.000158399	0.999799	-0.00283244	0.40552	-0.0562318	2
403.886	-1.61906	-4.7324	0.0205865	-0.000181769	0.999788	-0.000238917	0.405853	-0.0687114	2
404.086	-1.71134	-4.72898	0.0213453	-0.000271063	0.999768	0.00302963	0.405251	0.0154908	2
404.286	-1.77159	-4.72868	0.0219489	-0.000196876	0.999757	0.00221132	0.406971	-0.0499729	2
404.486	-1.85211	-4.72826	0.0226805	-0.000167564	0.999741	0.00174242	0.406072	0.0166573	2
404.686	-1.93183	-4.72987	0.023402	-0.000148412	0.999726	9.72211e-05	0.40676	-0.00604643	2
404.886	-2.01233	-4.72989	0.0241303	-0.00013547	0.999708	-0.00113183	0.406827	-0.0180994	2
405.086	-2.09292	-4.72979	0.0248833	-0.000299504	0.999688	0.00202818	0.405986	0.00434241	2
405.286	-2.17668	-4.73253	0.0256087	-0.000221352	0.999671	0.00113026	0.404933	0.0532387	2
405.486	-2.25705	-4.73246	0.0263291	-0.000215234	0.999653	0.000347589	0.40208	0.0437053	2
405.686	-2.33713	-4.73251	0.0270323	-0.000197816	0.999634	-0.000455272	0.402659	0.0727806	2
405.886	-2.38969	-4.72872	0.0277381	-0.000224381	0.999615	0.000323045	0.409224	-0.114997	2
406.086	-2.4703	-4.72806	0.0284852	-0.000354288	0.999583	0.00471173	0.405285	-0.0149341	2
406.286	-2.55079	-4.72731	0.0292056	-0.000316245	0.999565	0.0040534	0.406602	-0.076957	2
406.486	-2.62973	-4.72805	0.0299831	0.000338638	0.999486	-0.0113572	0.43012	0.326512	2
406.686	-2.71601	-4.73179	0.0309564	0.000766545	0.99908	-0.029669	0.437701	0.129696	2
406.886	-2.78147	-4.7358	0.0316593	0.000850598	0.998863	-0.0356316	0.442744	-0.0306933	2
407.086	-2.87228	-4.75105	0.0327195	0.000818997	0.998831	-0.0355653	0.463896	-0.963659	2
407.286	-2.96016	-4.75302	0.0340075	-0.00101433	0.99931	0.0148662	0.442128	-0.803581	2
407.486	-3.04507	-4.74598	0.0351312	-0.00283879	0.997083	0.0677014	0.432269	-0.660259	2
407.686	-3.12331	-4.72451	0.0360857	-0.00437906	0.993114	0.111371	0.428137	-0.448538	2
407.886	-3.16512	-4.71413	0.0348084	-0.00347618	0.99439	0.0998218	0.429244	-0.347012	2
408.086	-3.24701	-4.69624	0.0356726	-0.00486781	0.990897	0.129718	0.430797	-0.281874	2
408.286	-3.3345	-4.66974	0.0363101	-0.00614278	0.98618	0.161531	0.434572	-0.704636	2
408.486	-3.41486	-4.63941	0.0368982	-0.00880623	0.973844	0.224027	0.458845	-0.93457	2
408.686	-3.49081	-4.59819	0.0371082	-0.0116254	0.955622	0.292016	0.43341	-0.683674	2
408.887	-3.55541	-4.55581	0.0369407	-0.0138692	0.937473	0.345814	0.435664	-0.722324	2
409.087	-3.62067	-4.50073	0.0364977	-0.0161969	0.916906	0.397101	0.477969	-1.50274	2
409.286	-3.67654	-4.43126	0.0358548	-0.0195645	0.881779	0.46989	0.459145	-0.390041	2
409.486	-3.72426	-4.40381	0.0361149	-0.0203219	0.875486	0.481463	0.456305	-0.574063	2
409.686	-3.76963	-4.32803	0.0360548	-0.0218122	0.85998	0.508586	0.45418	-0.41058	2
409.886	-3.81009	-4.24926	0.0359902	-0.0232587	0.844848	0.533287	0.454641	-0.508173	2
410.086	-3.82791	-4.14381	0.0356352	-0.0251335	0.822779	0.566687	0.456285	-0.615388	2
410.286	-3.85609	-4.05988	0.0353418	-0.0269485	0.801597	0.596211	0.452936	-0.407513	2
410.486	-3.87862	-3.97412	0.035368	-0.0282891	0.787557	0.614575	0.448232	-0.173482	2
410.686	-3.91862	-3.8436	0.0361767	-0.0286163	0.79053	0.610683	0.453445	-0.417114	2
410.887	-3.93814	-3.7569	0.0362776	-0.0299203	0.777957	0.626555	0.456443	-0.533592	2
411.087	-3.95375	-3.66929	0.036371	-0.0313169	0.76369	0.643796	0.449236	-0.233758	2
411.286	-3.97158	-3.63756	0.036759	-0.032357	0.755788	0.652983	0.45456	-0.43093	2
411.486	-3.98177	-3.54933	0.036951	-0.0337196	0.743604	0.666747	0.423197	-1.26699	2
411.686	-3.98436	-3.46853	0.0349625	-0.0368244	0.697581	0.714704	0.411633	-0.25954	2
411.887	-3.97884	-3.39732	0.0356939	-0.0374128	0.691189	0.720822	0.411875	0.0959763	2
412.086	-3.97684	-3.336	0.0361843	-0.0375932	0.693743	0.71833	0.410148	0.228395	2
412.286	-3.9751	-3.25445	0.036841	-0.0379478	0.697881	0.714258	0.407773	0.189846	2
412.486	-3.9686	-3.17761	0.0377636	-0.0380163	0.705545	0.706637	0.408543	-0.0592967	2
412.686	-3.96843	-3.09671	0.0381324	-0.0386691	0.703563	0.708554	0.409255	-0.00286376	2
412.886	-3.96368	-3.0153	0.0389115	-0.038889	0.70767	0.704398	0.409109	0.0239685	2
413.086	-3.95638	-2.93302	0.0397566	-0.0390422	0.714309	0.697609	0.407874	0.0844762	2
413.286	-3.9588	-2.85217	0.0403749	-0.0394048	0.716587	0.695212	0.407224	0.0537832	2
416.186	-3.96202	-1.69352	0.0407979	-0.0530143	0.609652	0.789841	0.434163	-0.697528	2
416.386	-3.95469	-1.67042	0.032589	-0.05593	0.527571	0.847041	0.061344	-1.49527	1
416.586	-3.92907	-1.63014	0.0273354	-0.058193	0.452175	0.889609	0.671835	-0.703716	1
