time	x	y	orientation_x	orientation_y	orientation_z	orientation_w	linear_vel	angular_vel
271.77	-0.004662	-5.99055	-0.000399928	0.000469516	0.700205	0.713942	0.080112	-0.112624
271.97	-0.00246417	-5.96878	-0.000103058	0.000157705	0.694282	0.719703	0.160407	-0.129318
272.17	-0.00117618	-5.93203	0.00035487	-0.000300699	0.687292	0.726381	0.209754	-0.13766
272.371	0.00132437	-5.88937	0.000304567	-0.000328266	0.679994	0.733218	0.228337	-0.15919
272.57	0.0287317	-5.86836	0.000402595	-0.000358623	0.676527	0.736418	0.213545	-0.143242
272.77	0.042028	-5.82946	0.000377597	-0.000317243	0.669066	0.743203	0.228707	-0.155958
272.97	0.0462298	-5.78648	0.000287857	-0.000342392	0.660169	0.751117	0.236171	-0.160371
273.17	0.0554746	-5.73307	0.000351891	-0.000326576	0.650552	0.759462	0.210844	-0.149462
273.37	0.0609042	-5.69348	0.000316917	-0.000286716	0.640228	0.768185	0.222893	-0.157986
273.57	0.0668635	-5.65246	0.000288162	-0.000347557	0.630371	0.776294	0.201692	-0.139965
273.77	0.0618235	-5.61587	0.000329454	-0.000300288	0.622711	0.782452	0.195408	-0.13443
273.97	0.0692484	-5.57904	0.00026848	-0.000269163	0.611648	0.79113	0.201352	-0.145878
274.17	0.0744463	-5.54774	0.000302194	-0.000279412	0.601704	0.798719	0.199316	-0.136409
274.37	0.0785514	-5.51892	0.000256696	-0.000270372	0.59114	0.806569	0.186856	-0.1319
274.57	0.0882905	-5.48414	0.000238	-0.000312498	0.579458	0.815002	0.189671	-0.134675
274.77	0.0983167	-5.44829	0.000256489	-0.000285023	0.567963	0.823054	0.183917	-0.124061
274.97	0.106471	-5.42377	0.000182735	-0.000206057	0.559585	0.828773	0.174822	-0.117006
275.17	0.116987	-5.39507	0.000131254	-9.7685e-05	0.549205	0.835688	0.174783	-0.116398
275.37	0.128159	-5.36695	-2.43255e-05	-5.31895e-05	0.53896	0.842331	0.159414	-0.112334
275.57	0.160396	-5.33973	-0.000260397	0.00051789	0.529753	0.848152	0.15387	-0.103384
275.77	0.171274	-5.31495	-0.000251019	0.000502422	0.520862	0.853641	0.144469	-0.0940105
275.97	0.183145	-5.29268	-0.000266315	0.000559561	0.512948	0.858419	0.130709	-0.0840834
276.17	0.209571	-5.2794	-0.000257895	0.000533092	0.508711	0.860937	0.13429	-0.0871642
276.37	0.220357	-5.25773	-0.000256819	0.000519021	0.50096	0.86547	0.13213	-0.0915493
276.57	0.222049	-5.23072	-0.000252038	0.000574729	0.491622	0.870808	0.122739	-0.0874447
276.77	0.213731	-5.19399	-0.000252746	0.000396552	0.479263	0.877671	0.133194	-0.0900393
276.971	0.22497	-5.17517	-0.000233373	0.000539031	0.472557	0.8813	0.123446	-0.0798539
277.17	0.233595	-5.15993	-0.000232744	0.000534799	0.467186	0.884159	0.122886	-0.0789131
277.37	0.24147	-5.14547	-0.000267529	0.000537256	0.461999	0.88688	0.104059	-0.0615751
277.57	0.249757	-5.13219	-0.000241201	0.000568692	0.457314	0.889305	0.119205	-0.0819599
277.771	0.26174	-5.11404	-0.000276967	0.000527588	0.450711	0.89267	0.110614	-0.0688667
277.97	0.27468	-5.09627	-0.000251491	0.000595772	0.443509	0.896269	0.110608	-0.0746379
278.17	0.286649	-5.07951	-0.00022328	0.000553009	0.437412	0.899261	0.109706	-0.0751662
278.37	0.297694	-5.06401	-0.000248955	0.000525997	0.431415	0.902153	0.108002	-0.0835448
278.571	0.298235	-5.05177	-0.000236732	0.000612233	0.426585	0.904447	0.10452	-0.0755496
278.77	0.310065	-5.03666	-0.000235994	0.00059556	0.420896	0.907109	0.104654	-0.0719265
278.97	0.328809	-5.0241	-0.000237685	0.000563454	0.415966	0.90938	0.10104	-0.0630945
279.17	0.364062	-5.01426	-0.000219612	0.000580603	0.411942	0.91121	0.11603	-0.0766388
279.37	0.37622	-4.99999	-0.00022413	0.000600527	0.406546	0.91363	0.102972	-0.0693389
279.57	0.376871	-4.9821	-0.000237573	0.000524097	0.400367	0.916355	0.105337	-0.0735897
279.77	0.376826	-4.96402	-0.000216949	0.000595913	0.394165	0.91904	0.102098	-0.0664487
279.971	0.389977	-4.95004	-0.000197675	0.000555364	0.388842	0.921304	0.102638	-0.0666836
280.17	0.399263	-4.94031	-0.000185213	0.000563157	0.385103	0.922873	0.118454	-0.0777269
280.37	0.419379	-4.92743	-0.000221718	0.000509279	0.379379	0.925241	0.101433	-0.0792392
280.57	0.431963	-4.91474	-0.000206982	0.00056969	0.374214	0.927342	0.109006	-0.0708034
280.77	0.445661	-4.90135	-0.000205974	0.000570247	0.368838	0.929493	0.100302	-0.0648031
280.97	0.459811	-4.88973	-0.000206956	0.000577679	0.36313	0.931738	0.100601	-0.0648078
281.17	0.473572	-4.87715	-0.000196673	0.000564405	0.358166	0.933658	0.106969	-0.0740793
281.37	0.487736	-4.86372	-0.000203769	0.000460178	0.352563	0.935788	0.110542	-0.0720282
281.57	0.50158	-4.84782	-0.000201427	0.000487075	0.34629	0.938128	0.102223	-0.0699502
281.77	0.516171	-4.83564	-0.000174012	0.000535325	0.341103	0.940026	0.103992	-0.0910492
281.97	0.530757	-4.82824	-0.000173009	0.000516013	0.337138	0.941455	0.11017	-0.0844273
282.17	0.545582	-4.82247	-0.000150099	0.000514429	0.333478	0.942758	0.106259	-0.0785088
282.37	0.561016	-4.81039	-0.000144677	0.000518432	0.328633	0.944457	0.113056	-0.0743692
282.57	0.574886	-4.80437	-0.00015589	0.0005076	0.32523	0.945635	0.112347	-0.0748308
282.77	0.58591	-4.79838	-0.000146014	0.000503394	0.322452	0.946586	0.10777	-0.0732636
282.97	0.601135	-4.78714	-0.000136924	0.000504911	0.31773	0.948181	0.107619	-0.0724654
283.17	0.616378	-4.77616	-0.000162818	0.000473156	0.313047	0.949738	0.0999049	-0.0786163
283.37	0.63139	-4.75865	-0.000139515	0.000509233	0.306334	0.951924	0.103053	-0.0720575
283.57	0.646507	-4.74847	-0.000127286	0.000498452	0.301618	0.953429	0.100117	-0.0705346
283.77	0.660778	-4.73883	-0.000162938	0.00045348	0.29698	0.954883	0.100684	-0.0709028
283.97	0.673153	-4.72966	-0.000171217	0.000400478	0.292095	0.956389	0.10211	-0.0692292
284.17	0.68913	-4.72126	-0.000118561	0.000473449	0.28854	0.957468	0.102509	-0.0583905
284.371	0.703167	-4.71207	-0.000128112	0.000463061	0.283497	0.958973	0.0466371	-0.106073
284.57	0.711547	-4.70302	-0.000119969	0.000491944	0.275969	0.961166	0.0562202	-0.109017
284.77	0.71801	-4.69843	-0.000115784	0.000420403	0.268745	0.963211	0.0489988	-0.112367
284.97	0.726414	-4.6961	-8.82134e-05	0.000468134	0.262143	0.965029	0.0492327	-0.110296
285.17	0.732254	-4.69439	-9.24734e-05	0.000430595	0.25735	0.966318	0.0330624	-0.108732
285.37	0.737557	-4.69063	-0.000125498	0.000377034	0.249784	0.968301	0.0454542	-0.104367
285.57	0.743406	-4.69207	-0.000122472	0.000371278	0.244769	0.969581	0.0230579	-0.101305
285.77	0.748073	-4.69005	-8.06548e-05	0.000416042	0.237873	0.971296	0.0274383	-0.110843
285.97	0.75388	-4.68638	-7.04208e-05	0.000418465	0.230882	0.972982	0.0485954	-0.111551
286.17	0.759412	-4.68341	-8.30055e-05	0.000376061	0.223235	0.974765	0.0353067	-0.106982
286.37	0.776463	-4.68166	-0.000101687	0.000335534	0.216856	0.976204	0.0392346	-0.104311
286.57	0.78152	-4.67864	-3.82719e-05	0.000381743	0.209454	0.977818	0.0311515	-0.110964
286.77	0.782764	-4.67213	-6.40176e-05	0.000447457	0.200634	0.979666	0.0509513	-0.110188
286.97	0.778181	-4.66111	-4.37804e-05	0.000397019	0.189811	0.981821	0.0372923	-0.112437
287.17	0.783621	-4.65842	-4.40365e-05	0.000359963	0.182637	0.98318	0.0305446	-0.104205
287.37	0.797619	-4.65687	-7.22545e-05	0.000352174	0.175155	0.984541	0.0389521	-0.107131
287.57	0.810314	-4.65528	-1.98443e-05	0.000360423	0.167556	0.985862	0.029812	-0.115682
287.77	0.813643	-4.65377	-2.26698e-05	0.000332103	0.16166	0.986846	0.0277995	-0.101603
287.97	0.811814	-4.6575	-3.19354e-05	0.000385003	0.156605	0.987661	0.0211851	-0.106507
288.17	0.813563	-4.65759	-7.31437e-05	0.000323583	0.148685	0.988885	0.0342243	-0.109231
288.37	0.81771	-4.65595	-1.04224e-05	0.000350398	0.140719	0.990049	0.0196081	-0.115667
288.571	0.821927	-4.65444	-2.66009e-05	0.000340167	0.132682	0.991159	0.0344264	-0.103993
288.77	0.824598	-4.6447	1.85688e-05	0.000278909	0.123611	0.992331	0.00706429	-0.110041
288.97	0.828716	-4.64347	-2.85306e-06	0.00032716	0.115599	0.993296	0.0267054	-0.10379
289.17	0.83034	-4.64335	-9.60145e-06	0.00032713	0.106883	0.994272	0.0187317	-0.110163
289.37	0.831138	-4.64465	-6.65861e-05	0.000292537	0.0977621	0.99521	0.0259276	-0.104747
289.57	0.833875	-4.64391	-5.09406e-05	0.000218292	0.0896435	0.995974	0.00613998	-0.100125
289.77	0.834793	-4.64256	4.73071e-06	0.000209661	0.0818457	0.996645	0.00845018	-0.108104
289.971	0.834978	-4.64119	2.87546e-05	0.000237801	0.0735134	0.997294	0.018794	-0.102555
290.17	0.837724	-4.64054	4.1287e-06	0.000238806	0.0650298	0.997883	0.0164298	-0.100298
290.37	0.839601	-4.64008	-9.94116e-06	0.000223032	0.0585464	0.998285	0.0167275	-0.10755
290.57	0.837173	-4.63675	-1.32743e-05	0.000267013	0.047735	0.99886	0.00591843	-0.101029
290.77	0.839558	-4.63617	6.34448e-06	0.000283697	0.0389493	0.999241	0.0231445	-0.109909
290.97	0.842655	-4.63582	4.45005e-05	0.000255992	0.0314541	0.999505	0.0197911	-0.11548
291.17	0.851054	-4.63546	6.39407e-05	0.00015567	0.0226873	0.999743	0.00521886	-0.10429
291.37	0.852185	-4.63513	3.67379e-05	0.000234872	0.0134338	0.99991	0.0226077	-0.100265
291.57	0.854024	-4.63449	-6.31349e-05	0.000209989	0.00490018	0.999988	0.0110399	-0.106251
291.77	0.853891	-4.63299	-1.32056e-05	0.000231025	-0.00451852	0.99999	0.0169249	-0.111052
291.97	0.856528	-4.63284	2.38409e-05	0.000235222	-0.012292	0.999924	0.00847412	-0.10944
292.17	0.863061	-4.63453	4.96957e-05	0.000218227	-0.0206104	0.999788	0.0085003	-0.108823
292.37	0.871163	-4.63693	6.04365e-05	0.000211074	-0.0284165	0.999596	0.0105983	-0.109106
292.571	0.873322	-4.63663	4.80525e-05	0.000260329	-0.0376351	0.999292	0.0132699	-0.114792
292.771	0.870849	-4.63425	-2.25995e-05	0.000177445	-0.0477967	0.998857	0	-0.112096
292.97	0.870304	-4.63314	6.90648e-05	0.00020203	-0.0547103	0.998502	0.0158115	-0.105245
293.17	0.871928	-4.633	-3.92471e-07	0.000277707	-0.0637841	0.997964	0.0157063	-0.11343
293.37	0.864827	-4.62934	-1.69352e-05	0.000244853	-0.0725445	0.997365	0.0135827	-0.102727
293.57	0.864893	-4.62861	3.43787e-05	0.000254488	-0.081573	0.996667	0.0140116	-0.113647
293.77	0.866188	-4.62866	8.01603e-05	0.000247529	-0.0901346	0.99593	0.012805	-0.100126
293.97	0.867711	-4.62906	7.28551e-05	0.000270339	-0.0989415	0.995093	0.0070623	-0.114634
294.17	0.868869	-4.63085	8.85016e-05	0.000198537	-0.107805	0.994172	0.00633919	-0.11371
294.37	0.869688	-4.63061	9.65688e-05	0.00017313	-0.117132	0.993116	0.00458805	-0.112673
294.571	0.871258	-4.63016	8.8318e-05	0.000192519	-0.12613	0.992014	0.00468488	-0.110453
294.77	0.873342	-4.62955	8.98252e-05	0.000224154	-0.135414	0.990789	0.0128039	-0.102384
294.97	0.874444	-4.62946	9.4589e-05	0.000212504	-0.144188	0.98955	0.00502923	-0.105454
295.17	0.87527	-4.63026	9.23623e-05	0.000161195	-0.153328	0.988175	0	-0.11341
295.37	0.875773	-4.63072	8.11709e-05	0.000194778	-0.160177	0.987088	0	-0.11445
295.57	0.87563	-4.63037	7.40909e-05	0.000174505	-0.170315	0.98539	0	-0.108164
295.77	0.872937	-4.63281	1.71831e-05	0.000256253	-0.179405	0.983775	0.00630818	-0.115412
295.97	0.874116	-4.63371	5.82443e-05	0.00023131	-0.188502	0.982073	0.00830774	-0.112149
296.17	0.874431	-4.63355	5.18004e-05	0.000177568	-0.197988	0.980204	0	-0.100465
296.37	0.874878	-4.63298	8.50869e-05	0.000172097	-0.207241	0.97829	0	-0.100811
296.57	0.877027	-4.62761	9.3317e-05	0.000162488	-0.217062	0.976158	0	-0.102352
296.77	0.877346	-4.62729	9.68115e-05	0.000177488	-0.226159	0.97409	0.0042482	-0.115447
296.97	0.877693	-4.62852	0.000105775	0.000218133	-0.235304	0.971922	0.00438761	-0.10269
297.17	0.877734	-4.63144	6.5513e-05	0.000205168	-0.243762	0.969835	0.00439597	-0.102022
297.37	0.87801	-4.6313	6.47503e-05	0.000249421	-0.253121	0.967435	0.00631958	-0.101474
297.57	0.878269	-4.63141	7.67983e-05	0.000187111	-0.262083	0.965045	0.00412824	-0.102706
297.77	0.878649	-4.63148	5.55344e-05	0.000193894	-0.271253	0.962508	0.00438025	-0.100248
297.97	0.878805	-4.63126	0.000102232	0.000149588	-0.277957	0.960593	0	-0.110187
298.17	0.879446	-4.63038	0.000105497	0.000146327	-0.286723	0.958014	0	-0.110528
298.37	0.879945	-4.62994	0.000107989	0.000154803	-0.295501	0.955342	0.00221184	-0.110266
298.57	0.88046	-4.6298	0.0001161	0.000161398	-0.305804	0.952094	0.00215528	-0.112846
298.77	0.88045	-4.62939	8.0395e-05	0.000157586	-0.315067	0.949069	0	-0.102569
298.971	0.877282	-4.62914	7.86629e-05	0.00017767	-0.324888	0.945753	0	-0.107898
299.17	0.87728	-4.62873	0.000108177	0.000133495	-0.333822	0.942636	0	-0.113562
299.37	0.876397	-4.62743	0.000112665	9.51422e-05	-0.343002	0.939335	0	-0.114078
299.571	0.874893	-4.62502	0.000157273	0.000295468	-0.352237	0.935911	0.0392274	-0.113222
299.77	0.875556	-4.62526	0.000120381	0.000158134	-0.360958	0.932582	0.00613599	-0.113809
299.97	0.874479	-4.62535	9.82212e-05	0.000156484	-0.36955	0.929211	0	-0.100359
300.17	0.873252	-4.62542	6.51601e-05	0.000159514	-0.378208	0.925721	0	-0.105298
300.37	0.874519	-4.62624	6.85074e-05	0.000191861	-0.386865	0.922136	0	-0.105939
300.57	0.874509	-4.62602	7.31641e-05	0.000164817	-0.393854	0.919173	0.00205183	-0.110754
300.77	0.877926	-4.62368	9.87832e-05	0.000164515	-0.402255	0.915528	0.00694193	-0.110681
300.97	0.878927	-4.62427	0.000110516	0.000148205	-0.411527	0.911397	0	-0.240333
301.17	0.879201	-4.6236	-2.86144e-05	-0.000156032	-0.435178	0.900345	0	-0.325014
301.37	0.882363	-4.62409	-0.000192274	-0.0002982	-0.46059	0.887613	0	-0.314388
301.57	0.882466	-4.62336	-0.0001131	-0.000299975	-0.485344	0.874323	0.00594892	-0.315065
301.77	0.885029	-4.62303	-0.000139896	-0.000340183	-0.508535	0.861041	0.00388014	-0.308073
301.97	0.895349	-4.62377	-0.000140003	-0.000267207	-0.531871	0.846825	0	-0.292786
302.17	0.895755	-4.62306	-0.000114336	-0.000273471	-0.554358	0.832278	0.00200841	-0.293191
302.37	0.890413	-4.62167	-0.000228864	-0.000207476	-0.575126	0.818065	0	-0.285872
302.57	0.88314	-4.6209	-0.000123222	-0.000180748	-0.595758	0.803164	0.0106245	-0.288179
302.77	0.883663	-4.62023	-0.000165674	-0.000305873	-0.615564	0.788087	0.00190678	-0.278481
302.97	0.891256	-4.6189	-0.000243677	-0.000266207	-0.634658	0.772793	0	-0.270141
303.171	0.895498	-4.61849	-0.000233013	-0.000241024	-0.648906	0.760868	0	-0.257935
303.37	0.896043	-4.61783	-0.000160734	-0.000201099	-0.666565	0.745447	0.00378104	-0.26362
303.57	0.896667	-4.61743	-0.000127526	-0.000187327	-0.68362	0.729838	0	-0.248361
303.77	0.88754	-4.61816	-0.000218445	-0.000269204	-0.699699	0.714438	0.00980999	-0.2564
303.971	0.8879	-4.61815	-0.000148151	-0.000197034	-0.715727	0.69838	0	-0.24442
304.17	0.888648	-4.61669	-3.80785e-05	-0.000124247	-0.730855	0.682532	0	-0.240084
304.37	0.890909	-4.61142	-0.000257458	-0.000179458	-0.745297	0.666732	0	-0.229664
304.57	0.89132	-4.61127	-0.000217547	-0.000261067	-0.75865	0.651498	0	-0.225342
304.77	0.893984	-4.61674	-0.000149037	-0.000186432	-0.770928	0.636922	0.00657119	-0.230592
304.97	0.894625	-4.61639	-0.000214681	-0.000232934	-0.783372	0.621553	0	-0.214686
305.17	0.895094	-4.6165	-0.000256246	-0.000263315	-0.795249	0.606282	0	-0.217479
305.37	0.894947	-4.61524	-0.000284225	-0.000141181	-0.807179	0.590307	0	-0.206119
305.57	0.895255	-4.61555	-5.4637e-05	-6.79367e-05	-0.815699	0.578477	0.00663122	-0.213524
305.77	0.895787	-4.61567	0.000130175	2.02402e-05	-0.826388	0.563102	0	-0.200401
305.97	0.894787	-4.61464	9.94641e-05	-1.62357e-06	-0.835996	0.548735	0	-0.198887
306.17	0.895357	-4.61447	1.75774e-05	-6.13644e-05	-0.845346	0.534219	0	-0.192302
306.37	0.895948	-4.61409	0.000110088	3.32742e-05	-0.854527	0.519406	0	-0.182408
306.57	0.895988	-4.61349	0.0001568	1.3102e-05	-0.863459	0.504418	0	-0.189913
306.77	0.896431	-4.61322	7.79172e-06	6.04223e-05	0.871701	-0.490038	0	-0.177759
315.07	0.898022	-4.61714	-0.000499637	-0.00038998	0.890688	-0.454615	0	0.770576
315.27	0.893474	-4.62027	-0.000412275	-0.000416258	0.869992	-0.493065	0.0153656	0.323619
315.47	0.889667	-4.61549	0.000460153	0.000381697	-0.857481	0.514516	0.00573973	0.304305
315.67	0.887841	-4.61667	0.00051165	0.000486205	-0.84521	0.534434	0.0146368	0.312021
315.871	0.886466	-4.61772	0.000532548	0.000486442	-0.83572	0.549155	0.00821856	0.301818
316.07	0.882369	-4.62078	0.000492984	0.000481653	-0.822864	0.568238	0.00920593	0.298072
316.27	0.880817	-4.6218	0.000498615	0.000503206	-0.810137	0.58624	0.0115001	0.295292
316.47	0.879305	-4.62298	0.000282943	0.000412996	-0.797378	0.60348	0.0138948	0.293736
316.67	0.884765	-4.62175	0.000469496	0.000539294	-0.785058	0.619422	0.0111844	0.285342
316.87	0.882361	-4.62891	0.000444258	0.000470721	-0.770451	0.637499	0.0498719	0.310448
317.07	0.880646	-4.64546	0.000168298	0.000100974	-0.754113	0.656745	0.114575	0.332451
317.271	0.884151	-4.67627	-0.000166646	-0.000238252	-0.736411	0.676534	0.172147	0.358925
317.47	0.88243	-4.71598	-0.000293371	-0.000350339	-0.718676	0.695345	0.221238	0.385536
317.67	0.882671	-4.76345	-0.000291428	-0.000376568	-0.7006	0.713554	0.241262	0.387759
317.87	0.876067	-4.81049	-0.000313844	-0.000387684	-0.682183	0.731181	0.266768	0.39274
318.07	0.880976	-4.8636	-0.000314923	-0.000328145	-0.662547	0.74902	0.266951	0.390468
318.27	0.888124	-4.91535	-0.000303314	-0.000415081	-0.641475	0.767144	0.265306	0.384648
318.47	0.896473	-4.95941	-0.000303854	-0.000377436	-0.625523	0.780205	0.240925	0.368422
318.67	0.908038	-5.00917	-0.00026343	-0.00037193	-0.602742	0.797936	0.263868	0.372559
318.871	0.922506	-5.06055	-0.000328323	-0.000426768	-0.577541	0.816362	0.245415	0.35924
319.071	0.938598	-5.11205	-0.000308825	-0.000416193	-0.55211	0.833771	0.258029	0.359815
319.27	0.957724	-5.15747	-0.000226934	-0.000364069	-0.525261	0.850941	0.25831	0.355811
319.47	0.979823	-5.20181	-0.000175037	-0.000356317	-0.497649	0.867378	0.238877	0.338172
319.67	1.00027	-5.23805	-0.00014887	-0.000371656	-0.470168	0.882577	0.24099	0.339587
319.871	1.02642	-5.27683	-0.000110402	-0.000300974	-0.444121	0.895967	0.229864	0.325206
320.07	1.05482	-5.31438	-9.49947e-05	-0.000332163	-0.41864	0.908152	0.239904	0.331707
320.27	1.08289	-5.35129	-0.000106057	-0.000335069	-0.393875	0.919164	0.238971	0.322519
320.47	1.11491	-5.38425	-0.000156156	-0.000291905	-0.370062	0.929007	0.230404	0.31799
320.67	1.14662	-5.41358	-6.90295e-05	-0.000334667	-0.346984	0.937871	0.223653	0.309137
320.87	1.1777	-5.43861	-0.000106794	-0.000289185	-0.32841	0.944535	0.210924	0.300337
321.07	1.2107	-5.46384	-3.92513e-05	-0.000270643	-0.306763	0.951786	0.210561	0.294681
321.271	1.2451	-5.48761	-2.89278e-05	-0.000266542	-0.285538	0.958367	0.209758	0.292591
321.471	1.2793	-5.50665	-1.93156e-05	-0.000267908	-0.265211	0.96419	0.21423	0.295268
321.67	1.31575	-5.52718	-1.76452e-06	-0.000279491	-0.244961	0.969533	0.209612	0.28963
321.87	1.35237	-5.54624	-6.96589e-05	-0.000267938	-0.22557	0.974227	0.191247	0.276252
322.071	1.38653	-5.56992	6.67131e-06	-0.000233482	-0.205201	0.97872	0.210322	0.287869
322.271	1.42277	-5.58404	-0.000103217	-0.000296905	-0.187091	0.982342	0.201341	0.280692
322.47	1.45972	-5.59687	2.08956e-05	-0.000245047	-0.168987	0.985618	0.190199	0.269866
322.67	1.50014	-5.60175	2.13423e-05	-0.00023778	-0.152812	0.988255	0.183478	0.262751
322.87	1.53584	-5.60933	2.38122e-05	-0.00028174	-0.135351	0.990798	0.191682	0.260802
323.07	1.57019	-5.61488	6.97547e-06	-0.000259313	-0.117091	0.993121	0.163974	0.250191
323.27	1.60019	-5.61624	3.5604e-05	-0.00025727	-0.100359	0.994951	0.15484	0.244477
323.471	1.6257	-5.61882	2.0148e-05	-0.00025985	-0.0867557	0.99623	0.177419	0.249218
323.67	1.65966	-5.62135	5.59004e-06	-0.000293128	-0.0691989	0.997603	0.170189	0.240027
323.87	1.69228	-5.62077	4.4331e-05	-0.000271122	-0.0517005	0.998663	0.177351	0.251421
324.07	1.72638	-5.62193	4.61507e-05	-0.000302502	-0.0340934	0.999419	0.172697	0.242237
324.27	1.76018	-5.62275	6.61659e-05	-0.000286687	-0.0166819	0.999861	0.172164	0.245987
324.47	1.79295	-5.62501	4.34997e-05	-0.000284457	0.000877312	1	0.17132	0.236264
324.67	1.82508	-5.62449	5.77987e-05	-0.000251041	0.0180638	0.999837	0.166513	0.241724
324.871	1.85723	-5.62335	6.0424e-05	-0.000227461	0.0359319	0.999354	0.153233	0.231961
325.07	1.87981	-5.61803	2.11354e-06	-0.000313974	0.0476002	0.998866	0.166938	0.239213
325.27	1.91132	-5.61615	-3.46444e-06	-0.000282462	0.0656065	0.997846	0.158498	0.235556
325.47	1.94216	-5.61341	8.67149e-06	-0.000302171	0.0843319	0.996438	0.163035	0.237426
325.67	1.98108	-5.60727	7.02748e-05	-0.000125878	0.10783	0.994169	0.149663	0.223823
325.87	2.00649	-5.60298	-1.03646e-05	0.000109569	0.12623	0.992001	0.135797	0.22313
326.07	2.02697	-5.59874	-6.07333e-05	0.000174992	0.141046	0.990003	0.148292	0.215013
326.27	2.04153	-5.59254	-8.13354e-05	0.000340528	0.155854	0.98778	0.140475	0.212819
326.471	2.06644	-5.58567	2.11665e-06	0.00018241	0.174568	0.984645	0.139148	0.19778
326.67	2.08797	-5.56758	-5.11776e-06	0.000215762	0.191052	0.98158	0.142687	0.20311
326.87	2.11292	-5.55862	-2.54626e-05	0.000220703	0.209127	0.977888	0.137232	0.190984
327.07	2.13655	-5.54912	-5.76863e-05	0.000266513	0.226278	0.974063	0.130945	0.177978
327.27	2.16463	-5.54344	-0.00011366	0.000291116	0.245338	0.969438	0.123199	0.173167
327.47	2.18571	-5.53301	-0.000246563	0.000454368	0.260737	0.96541	0.12508	0.17862
327.67	2.20647	-5.5218	-0.000224246	0.000469093	0.275908	0.961184	0.129154	0.17583
327.87	2.2315	-5.53691	-0.000280069	0.000415113	0.292337	0.956315	0.122362	0.162215
328.07	2.2503	-5.52497	-0.000302054	0.000453804	0.306117	0.951994	0.119658	0.165264
328.27	2.26818	-5.51282	-0.000248766	0.000375437	0.319137	0.947709	0.115512	0.15822
328.47	2.29255	-5.49293	-0.000318177	0.000556505	0.32953	0.944145	0.116236	0.148466
328.67	2.30521	-5.48332	-0.000278733	0.000504832	0.338404	0.941001	0.11028	0.158953
328.871	2.32103	-5.47101	-0.000331781	0.0005831	0.350446	0.936583	0.11254	0.14679
329.07	2.32155	-5.45015	-0.000338237	0.000585152	0.35924	0.933245	0.10656	0.137406
329.271	2.33575	-5.43762	-0.00035477	0.000600183	0.370157	0.928969	0.100344	0.14153
329.47	2.34961	-5.42496	-0.00031703	0.000497205	0.380603	0.924738	0.102838	0.144624
329.671	2.36602	-5.41473	-0.00035188	0.000574667	0.392329	0.919825	0.099998	0.143553
329.87	2.37872	-5.4017	-0.000324478	0.000454289	0.402392	0.915467	0.0990825	0.14341
330.07	2.39092	-5.38853	-0.000333184	0.000513937	0.412311	0.911043	0.0988531	0.129842
330.27	2.39922	-5.37743	-0.000323427	0.000453924	0.420369	0.907353	0.0946739	0.123266
330.47	2.40997	-5.36459	-0.000358394	0.000548508	0.429644	0.902998	0.0931078	0.136976
330.67	2.42014	-5.35188	-0.000357982	0.000498904	0.438325	0.898816	0.0898754	0.131496
330.87	2.43332	-5.33744	-0.000349045	0.00050449	0.449176	0.893443	0.0892808	0.130939
331.071	2.44252	-5.32455	-0.000373727	0.000522565	0.457281	0.889322	0.0885718	0.124002
331.271	2.44913	-5.31498	-0.000359318	0.000433228	0.463371	0.886164	0.0868755	0.119142
331.47	2.45719	-5.29974	-0.000400474	0.000507257	0.469795	0.882775	0.0844135	0.115191
331.67	2.46476	-5.28717	-0.000405102	0.00049807	0.477233	0.878777	0.0825461	0.110871
331.87	2.47171	-5.27462	-0.000409284	0.000484576	0.484481	0.874801	0.0808395	0.108606
332.07	2.4734	-5.26741	-0.000416462	0.000477219	0.492274	0.87044	0.0783423	0.111878
332.27	2.479	-5.25483	-0.000428378	0.00045697	0.498842	0.866693	0.0773953	0.113217
332.47	2.48519	-5.24188	-0.000408227	0.000433315	0.505553	0.862795	0.0775993	0.101441
332.67	2.49331	-5.22889	-0.000439077	0.000453842	0.511786	0.859112	0.0760529	0.100605
332.87	2.49796	-5.21586	-0.00038068	0.000336007	0.518586	0.855026	0.0752346	0.104188
333.07	2.50227	-5.20277	-0.0003284	0.000228193	0.525505	0.85079	0.0796806	0.113519
333.27	2.50926	-5.19209	-0.000391342	0.00031617	0.532503	0.846428	0.0704136	0.105714
333.47	2.51387	-5.1803	-0.000391094	0.00030052	0.539039	0.842281	0.0708348	0.10484
333.67	2.51692	-5.17184	-0.000412565	0.000335315	0.543828	0.839197	0.0635806	0.10958
333.87	2.52362	-5.15777	-0.000384817	0.000328638	0.551084	0.834449	0.0727855	0.114875
334.07	2.52759	-5.14648	-0.000381122	0.000339048	0.557626	0.830092	0.0691619	0.111207
334.27	2.53143	-5.13557	-0.000424814	0.000407625	0.564249	0.825604	0.0659592	0.114851
334.47	2.53015	-5.12307	-0.000463583	0.000435301	0.570276	0.821453	0.063713	0.100383
334.67	2.5337	-5.11226	-0.000455447	0.000426535	0.576832	0.816863	0.0645667	0.104524
334.87	2.53712	-5.10158	-0.000472855	0.000409632	0.583456	0.812145	0.059365	0.10451
335.07	2.54053	-5.09115	-0.000473297	0.000373734	0.590401	0.80711	0.0589833	0.102633
335.27	2.54355	-5.08086	-0.000409768	0.000301684	0.596808	0.802384	0.0643127	0.112628
335.47	2.54765	-5.06976	-0.000433159	0.000268994	0.603137	0.797637	0.0634813	0.110794
335.671	2.55215	-5.05864	-0.000444081	0.000237673	0.609575	0.792729	0.0571835	0.115527
335.87	2.55464	-5.04883	-0.000457721	0.000266911	0.615878	0.787842	0.0609736	0.103498
336.07	2.55694	-5.03923	-0.000490599	0.000274711	0.622089	0.782946	0.0497439	0.114884
336.27	2.53907	-5.03286	-0.000465395	0.000241324	0.624945	0.780669	0.059092	0.100887
336.47	2.54114	-5.02388	-0.000483439	0.000238747	0.631224	0.775601	0.0587227	0.106958
336.67	2.54307	-5.01462	-0.00047523	0.000238426	0.637412	0.770523	0.0579945	0.100726
336.87	2.56261	-5.00614	-0.000487386	0.000239871	0.645373	0.763867	0.0568942	0.104585
337.07	2.56442	-4.99679	-0.000501916	0.000251103	0.651492	0.758655	0.0562662	0.10323
337.27	2.56671	-4.98748	-0.000532518	0.000268587	0.657463	0.753486	0.0516911	0.102383
337.47	2.57373	-4.97911	-0.000509992	0.000235237	0.663228	0.748417	0.0538284	0.100934
337.67	2.57529	-4.97142	-0.000552671	0.000213653	0.669161	0.743117	0.0423025	0.114101
337.87	2.57478	-4.96385	-0.000533838	0.000204993	0.674926	0.737886	0.047164	0.101142
338.071	2.57248	-4.95663	-0.000525436	0.00019051	0.680845	0.732427	0.039488	0.10323
338.27	2.57386	-4.94932	-0.000483647	0.000201618	0.686641	0.726996	0.0442027	0.103134
338.47	2.57509	-4.94226	-0.000545853	0.00024821	0.69275	0.721178	0.0362391	0.106773
338.671	2.57197	-4.94054	-0.000581443	0.000287364	0.698748	0.715368	0.043962	0.101331
338.87	2.57281	-4.93533	-0.000589046	0.000314755	0.703245	0.710948	0.0401546	0.103047
339.07	2.57287	-4.92659	-0.000596272	0.000296866	0.709199	0.705008	0.043261	0.106002
339.27	2.57363	-4.91908	-0.000552894	0.000242166	0.715286	0.698832	0.038248	0.10717
339.47	2.57458	-4.91272	-0.000483943	0.0001693	0.721342	0.692579	0.0392889	0.106743
339.67	2.58289	-4.90926	-0.000517683	0.000156879	0.728108	0.685462	0.0404148	0.102806
339.87	2.58368	-4.90297	-0.000514876	0.000155845	0.733546	0.67964	0.0444319	0.115001
340.07	2.58445	-4.89712	-0.000521832	0.000156826	0.739133	0.673559	0.0315987	0.103662
340.27	2.58039	-4.89082	-0.000502322	0.000124477	0.743866	0.668328	0.0351857	0.102598
340.47	2.58107	-4.8852	-0.000390095	7.63198e-05	0.749196	0.662348	0.0350012	0.100324
340.67	2.58134	-4.87837	-0.000427556	0.000134089	0.754734	0.656031	0.0434413	0.104915
340.87	2.58312	-4.86892	-0.000505021	0.000184269	0.760184	0.649708	0.0426875	0.105357
341.07	2.58319	-4.86168	-0.000562807	0.000218853	0.765685	0.643216	0.0406771	0.106032
341.27	2.58324	-4.85625	-0.000568778	0.000193613	0.769569	0.638563	0.0493811	0.114891
341.47	2.58098	-4.8486	-0.00054094	0.000179935	0.774654	0.632386	0.0459121	0.11368
341.67	2.58106	-4.84123	-0.000499044	0.000148591	0.779462	0.62645	0.0483479	0.112273
341.87	2.58102	-4.83347	-0.000465709	0.000110577	0.784225	0.620477	0.0458227	0.11103
342.07	2.58052	-4.82988	-0.000466386	0.000121222	0.789002	0.61439	0.0498234	0.115447
342.27	2.58026	-4.82164	-0.000478318	0.000137557	0.793632	0.608398	0.0447843	0.110041
342.47	2.57988	-4.8132	-0.000504391	0.000149136	0.798268	0.602303	0.0404134	0.100361
342.67	2.57979	-4.80252	-0.000519766	0.000147419	0.80275	0.596316	0.0500388	0.113613
342.87	2.57909	-4.79319	-0.000517223	0.00014123	0.80734	0.590086	0.0479483	0.115679
343.07	2.57842	-4.78437	-0.000493673	0.000127129	0.811664	0.584124	0.0521949	0.112159
343.27	2.58159	-4.77403	-0.000486611	0.000119641	0.815911	0.578177	0.0535743	0.113493
343.47	2.58116	-4.76695	-0.000490365	0.000124575	0.820297	0.571937	0.0564145	0.112628
343.67	2.58078	-4.76013	-0.000407344	0.000101225	0.824648	0.565646	0.0190908	0.110251
343.87	2.57948	-4.75307	-0.000453048	0.000113942	0.828274	0.560323	0.0275736	0.112696
344.07	2.5786	-4.74612	-0.000523074	0.000111863	0.832489	0.554042	0.0487026	0.109534
344.27	2.57757	-4.73881	-0.000546026	0.000122938	0.836796	0.547515	0.0332095	0.106974
344.47	2.57341	-4.73442	-0.000525177	0.000103255	0.84012	0.542401	0.0252347	0.109167
344.67	2.57307	-4.72966	-0.00036193	0.000105997	0.844517	0.535528	0.0275074	0.114466
344.87	2.57201	-4.72382	-0.000480462	9.81832e-05	0.8489	0.528553	0.0183785	0.115197
345.07	2.57226	-4.71962	-0.000477071	3.41756e-05	0.853742	0.520697	0.0573674	0.102049
345.27	2.57067	-4.71295	-0.000509453	6.42112e-05	0.857779	0.514019	0.0562048	0.100418
345.47	2.5695	-4.70711	-0.000503625	9.42639e-05	0.861822	0.507211	0.0253421	0.113874
345.67	2.56707	-4.70681	-0.000259426	9.66522e-06	0.865275	0.501297	0.0195119	0.102432
345.87	2.56676	-4.70381	-0.00010997	6.56465e-05	0.869237	0.494395	0.0232747	0.102054
346.07	2.5666	-4.70158	2.58222e-05	-2.11175e-05	0.873148	0.487456	0.00549751	0.112346
346.27	2.571	-4.69461	-5.91489e-05	5.26692e-05	0.877633	0.479333	0.0207638	0.103096
346.47	2.57078	-4.6931	5.80291e-06	-1.69364e-05	0.880456	0.474129	0.0207626	0.10046
346.67	2.57012	-4.69047	5.38371e-06	1.67203e-06	0.884157	0.46719	0.00503796	0.104092
346.87	2.56772	-4.69244	-3.53628e-06	1.85125e-05	0.887546	0.460719	0.0188902	0.101362
347.07	2.56761	-4.691	9.44838e-05	-3.40877e-05	0.891262	0.453489	0.00721086	0.108669
347.27	2.56714	-4.68913	8.86607e-05	-8.51349e-06	0.894862	0.446343	0.0105321	0.100273
347.47	2.56744	-4.68009	2.35079e-06	-7.2479e-05	0.899168	0.437604	0.0253557	0.107481
347.67	2.56705	-4.67799	-0.000122162	-4.52788e-05	0.902616	0.430447	0.00966272	0.115211
347.87	2.56721	-4.67644	-0.000130233	-4.38266e-05	0.905932	0.423423	0.00722219	0.100343
348.07	2.57027	-4.67492	1.31028e-05	1.81326e-05	0.90906	0.416665	0.0102551	0.115151
348.27	2.57026	-4.67333	7.33497e-05	-8.71247e-05	0.91246	0.409166	0.00952968	0.10269
348.47	2.56992	-4.67191	2.59089e-05	-2.31898e-05	0.915658	0.401959	0.00262093	0.114211
348.67	2.56646	-4.67589	3.16676e-05	-2.52918e-06	0.918879	0.39454	0.0133762	0.10642
348.87	2.56579	-4.67444	6.30792e-05	-1.18827e-05	0.92197	0.387262	0.00893237	0.105579
349.07	2.56562	-4.67375	0.000100502	-2.23873e-05	0.924295	0.381679	0.0139753	0.104162
349.27	2.56654	-4.67133	0.000132832	-3.10694e-05	0.926739	0.375706	0.00219926	0.110057
349.47	2.56661	-4.67042	4.2327e-05	-2.85072e-05	0.930109	0.367283	0.00223411	0.115143
349.67	2.56635	-4.66957	0.000183385	-1.24779e-05	0.933115	0.359577	0	0.101217
349.87	2.56574	-4.66881	6.43937e-05	-7.71833e-05	0.936589	0.350431	0.00219097	0.110034
350.07	2.56555	-4.66788	-3.79992e-05	-4.56118e-05	0.939471	0.342629	0.00726895	0.104176
350.27	2.56546	-4.66699	0.000103643	-1.65978e-05	0.942091	0.335357	0.00232057	0.100418
350.47	2.56121	-4.6656	0.000196282	-6.436e-05	0.944743	0.327811	0.002376	0.108243
350.671	2.56098	-4.66469	0.000157565	-1.43878e-05	0.947594	0.319477	0.00230217	0.104073
350.87	2.56072	-4.66387	0.000138207	-1.40933e-05	0.950311	0.311303	0.0023113	0.108809
351.07	2.56116	-4.66415	0.000201992	-3.60139e-05	0.952988	0.303007	0.00223423	0.112516
351.27	2.56093	-4.66336	0.000184093	-4.35982e-05	0.955655	0.294489	0.00226549	0.100065
351.47	2.56058	-4.66278	0.000158328	-3.78348e-06	0.957488	0.288474	0.00882897	0.106032
351.67	2.56108	-4.65945	0.000139498	-2.28311e-05	0.960319	0.278904	0.00672113	0.112946
351.87	2.5607	-4.65771	0.000228972	-4.43491e-05	0.96302	0.269428	0.00246504	0.104492
352.07	2.56056	-4.6573	0.000200461	-1.54337e-05	0.965288	0.261187	0	0.110305
352.27	2.56531	-4.66489	0.000166263	-8.03338e-06	0.967417	0.253189	0.00222837	0.100266
352.47	2.56495	-4.66441	0.000168828	-2.16106e-06	0.969627	0.244588	0	0.109959
352.67	2.56447	-4.66378	0.000145078	-4.03597e-05	0.971846	0.235618	0	0.113573
352.87	2.55912	-4.65914	0.000170835	-4.92349e-05	0.973756	0.227593	0	0.114802
353.07	2.55871	-4.65869	5.412e-05	-5.70219e-05	0.97565	0.219334	0	0.10275
353.27	2.55872	-4.65837	0.000188279	-1.27735e-05	0.977504	0.210917	0	0.109323
353.47	2.56243	-4.65969	9.15931e-05	-5.28787e-05	0.979369	0.202082	0	0.106747
353.67	2.56241	-4.65942	0.000175505	2.4616e-06	0.981147	0.193261	0	0.112367
353.87	2.56242	-4.65908	0.000173324	1.1045e-05	0.982871	0.184296	0	0.108145
354.07	2.56023	-4.65885	0.000173712	2.0296e-05	0.984252	0.176772	0	0.101219
354.27	2.55927	-4.65857	0.000195775	2.88352e-05	0.985818	0.16782	0	0.108514
354.47	2.55902	-4.65823	0.000204419	1.90575e-05	0.987548	0.157318	0	0.156832
354.67	2.55624	-4.6569	0.000147549	-5.15357e-05	0.989194	0.146611	0	0.101088
354.87	2.55628	-4.65658	6.73502e-05	2.41829e-05	0.990649	0.136437	0	0.108851
355.07	2.55608	-4.65607	-1.88564e-05	-8.10095e-05	0.992051	0.125839	0	0.102121
355.27	2.56622	-4.65319	0.000126049	1.58103e-05	0.993204	0.116385	0	0.129869
355.47	2.56583	-4.65272	2.34768e-06	1.9306e-05	0.994432	0.105376	0.00677414	0.157026
355.67	2.5639	-4.65194	0.000111866	3.44207e-05	0.995527	0.0944791	0	0.140661
355.87	2.55973	-4.65173	0.000138724	2.54991e-05	0.996454	0.0841422	0	0.107654
356.07	2.55882	-4.65123	9.73013e-05	3.32244e-05	0.997324	0.0731151	0.00711991	0.149689
356.27	2.55527	-4.65015	7.70207e-05	2.78891e-05	0.998002	0.0631814	0	0.113444
356.47	2.55275	-4.64932	0.000115693	3.63124e-05	0.998616	0.0525968	0	0.136171
356.67	2.55269	-4.649	7.7064e-05	4.42899e-05	0.998969	0.0453996	0	0.137978
356.87	2.55256	-4.64862	0.000116873	3.82931e-05	0.999403	0.0345603	0	0.128186
357.07	2.55379	-4.65404	0.000122791	2.79161e-05	0.999709	0.0241103	0	0.111457
357.27	2.55359	-4.65379	0.00013478	-8.85172e-05	0.999907	0.013623	0	0.116113
357.47	2.55346	-4.65349	6.3675e-05	-3.93105e-05	0.999991	0.00416422	0	0.126571
357.67	2.55339	-4.65334	4.67702e-05	3.11669e-05	0.999981	-0.00611414	0	0.125763
357.87	2.553	-4.65296	7.2337e-05	-2.87926e-05	0.999868	-0.0162528	0	0.117766
358.07	2.55361	-4.65204	4.74584e-05	2.86549e-05	0.999672	-0.025615	0.00635311	0.127216
358.27	2.55554	-4.65001	8.50893e-05	4.82177e-05	0.999376	-0.0353336	0	0.120562
358.47	2.55525	-4.6495	0.000163638	6.80427e-05	0.998976	-0.0452537	0	0.11929
358.67	2.55372	-4.65038	9.56925e-05	-1.82112e-05	0.99851	-0.0545641	0	0.117462
358.87	2.55198	-4.65147	9.90084e-05	5.83368e-05	0.997975	-0.0636065	0	0.113704
359.07	2.55123	-4.65118	5.05489e-05	-3.46968e-05	0.997352	-0.072731	0	0.108814
359.27	2.55102	-4.65105	5.88116e-06	-1.51015e-05	0.996818	-0.0797168	0.00214339	0.113895
359.47	2.55247	-4.64786	7.16828e-06	2.76507e-06	0.995973	-0.0896564	0.00462419	0.112853
359.67	2.55178	-4.64767	1.15857e-05	7.93439e-06	0.995138	-0.0984864	0.00448755	0.112198
359.87	2.55075	-4.64745	-2.96744e-05	1.95326e-05	0.994247	-0.107116	0.00461457	0.10873
360.07	2.54926	-4.64844	5.13174e-05	5.02857e-05	0.993269	-0.115832	0.00466133	0.110786
360.27	2.54847	-4.64807	4.7015e-05	1.87912e-05	0.992161	-0.124968	0.00456459	0.113858
360.47	2.54725	-4.64714	4.54263e-05	1.55703e-05	0.990934	-0.134348	0.00479257	0.115611
360.67	2.54578	-4.64431	-3.59141e-05	2.23371e-05	0.989619	-0.143715	0.00675374	0.110557
360.87	2.54487	-4.6442	-6.01481e-05	1.92079e-05	0.98833	-0.152327	0.00484953	0.108402
361.07	2.54719	-4.6445	-7.05958e-05	-1.44126e-05	0.986998	-0.16073	0.0069346	0.108725
361.27	2.55044	-4.64485	-9.72543e-06	7.35826e-06	0.985639	-0.168865	0.00664669	0.106406
361.47	2.54946	-4.64467	-4.06268e-05	2.50102e-05	0.984137	-0.177408	0.00460635	0.107977
361.67	2.54873	-4.64448	-4.68755e-05	3.08815e-05	0.982936	-0.18395	0.00462629	0.110955
361.87	2.53918	-4.64656	-4.0633e-05	6.36881e-06	0.98145	-0.191721	0.00465673	0.111726
362.07	2.53815	-4.64633	-5.01575e-05	1.72859e-05	0.979669	-0.200622	0.00697906	0.113213
362.271	2.53742	-4.64603	-0.000139374	-8.50617e-05	0.97781	-0.209492	0.00442875	0.113035
362.47	2.54523	-4.64353	-0.000138808	-7.94011e-05	0.975708	-0.219074	0.00433932	0.107921
362.671	2.54452	-4.64332	-6.51456e-05	2.55039e-05	0.973854	-0.227174	0.00449915	0.104948
362.87	2.54331	-4.64311	-3.5288e-05	-3.29833e-05	0.971863	-0.235545	0.00440113	0.110585
363.07	2.53853	-4.64265	-8.52856e-05	1.04609e-06	0.969831	-0.243776	0.00466338	0.114335
363.27	2.53752	-4.64275	-9.56633e-05	2.85082e-06	0.967553	-0.252669	0.00471006	0.114339
371.57	2.53395	-4.64563	-0.000698005	-0.000387804	0.973611	-0.228212	0	0.747968
371.77	2.53438	-4.6381	-0.000679321	-0.000380972	0.96189	-0.273436	0	0.51533
371.97	2.53341	-4.63695	-0.000631363	-0.000358176	0.953829	-0.30035	0	0.515528
372.17	2.53277	-4.63604	-0.000622167	-0.000384586	0.941679	-0.336513	0	0.50734
372.37	2.53167	-4.63512	-0.000585797	-0.000380524	0.928196	-0.37209	0	0.488054
372.57	2.53038	-4.63431	-0.000496306	-0.000381523	0.913688	-0.406415	0	0.485184
372.77	2.52388	-4.63192	-0.000383496	-0.000359198	0.898093	-0.439805	0	0.483169
372.97	2.52234	-4.63124	-0.000354831	-0.000346453	0.881496	-0.472191	0	0.47136
373.17	2.52091	-4.63073	0.000439836	0.000351258	-0.864174	0.503193	0	0.461805
373.37	2.52351	-4.63446	0.000371068	0.000382949	-0.84703	0.531545	0	0.460865
373.57	2.52198	-4.63417	0.000432794	0.000431058	-0.828178	0.560465	0	0.441046
373.77	2.52039	-4.63402	0.000321863	0.000377785	-0.808834	0.588036	0	0.433278
373.97	2.52466	-4.63568	0.000389223	0.000463355	-0.788638	0.614858	0	0.43609
374.17	2.52322	-4.63566	0.000272456	0.00040482	-0.768785	0.639507	0	0.428557
374.37	2.52164	-4.63567	0.000343697	0.000435438	-0.748567	0.663059	0	0.422213
374.57	2.51762	-4.63303	0.000341443	0.000427128	-0.732687	0.680566	0	0.416662
374.77	2.51504	-4.63202	0.000331261	0.000453686	-0.711957	0.702223	0	0.407282
374.97	2.51368	-4.63212	0.000315974	0.000453493	-0.691645	0.722237	0	0.398654
375.17	2.50953	-4.63458	0.000271816	0.000487179	-0.671134	0.741336	0	0.379499
375.37	2.50803	-4.63497	0.000279889	0.000497865	-0.650483	0.759521	0	0.372316
375.57	2.50672	-4.63557	0.000198829	0.000433553	-0.629992	0.776602	0	0.375488
375.77	2.51228	-4.63381	0.000280151	0.000495385	-0.609142	0.793061	0	0.370006
375.97	2.51096	-4.63414	0.000268685	0.000487918	-0.588362	0.808598	0	0.372982
376.17	2.50967	-4.63453	0.000259303	0.000486345	-0.567447	0.82341	0	0.358233
376.37	2.51267	-4.64077	0.000150093	0.000443738	-0.548953	0.835853	0	0.349671
376.57	2.51139	-4.64126	0.000143527	0.000447048	-0.527876	0.849321	0	0.348175
376.77	2.5102	-4.64172	0.000221034	0.000501035	-0.506992	0.861951	0	0.341015
376.97	2.50749	-4.64079	0.000235148	0.000496229	-0.490956	0.871184	0	0.345234
377.17	2.50536	-4.64065	0.000220376	0.000523376	-0.469263	0.883058	0	0.328857
377.37	2.50407	-4.6412	0.000181723	0.000613027	-0.448216	0.893925	0.00202544	0.337798
377.57	2.50288	-4.64308	0.000192667	0.000453319	-0.426483	0.904496	0	0.323162
377.77	2.50193	-4.64362	0.000186514	0.000512964	-0.404652	0.914471	0	0.326158
377.971	2.5011	-4.64435	8.15596e-05	0.000370929	-0.382559	0.923931	0	0.324461
378.17	2.49214	-4.64472	0.000103364	0.000407428	-0.358715	0.933447	0.00817488	0.317997
378.37	2.49178	-4.64579	0.000147082	0.000444184	-0.336999	0.941505	0.00219236	0.311893
378.571	2.49142	-4.6467	0.000158528	0.000423712	-0.314984	0.949097	0	0.308714
378.77	2.49712	-4.64493	0.000115197	0.000269454	-0.291943	0.956436	0	0.304207
378.97	2.49726	-4.64581	0.000127915	0.000491561	-0.269163	0.963094	0.00218766	0.295153
379.17	2.4966	-4.6466	0.00012789	0.000433871	-0.248768	0.968563	0	0.28712
379.37	2.491	-4.64775	9.81256e-05	0.000402668	-0.227838	0.973699	0.00222638	0.264888
379.57	2.49127	-4.64832	0.000124106	0.000419145	-0.211912	0.977289	0	0.2723
379.77	2.49146	-4.64891	-2.47387e-06	0.000270912	-0.190852	0.981619	0	0.262264
379.97	2.49083	-4.6453	2.67629e-05	0.000308032	-0.16996	0.985451	0	0.257848
380.17	2.49137	-4.6459	7.77292e-05	0.000401858	-0.148861	0.988858	0.00226611	0.266479
380.37	2.49161	-4.64684	6.35944e-05	0.000417284	-0.130265	0.991479	0.00253971	0.242649
380.57	2.49787	-4.64666	7.0675e-05	0.000401024	-0.110293	0.993899	0.0132198	0.259883
380.77	2.49924	-4.64745	7.78645e-05	0.000243627	-0.0896903	0.99597	0.00243276	0.253868
380.97	2.49993	-4.64807	5.0052e-05	0.000436111	-0.070009	0.997546	0.0022257	0.24918
381.17	2.49674	-4.65102	4.75868e-05	0.00039199	-0.0517153	0.998662	0.00213848	0.244496
381.37	2.49693	-4.65164	3.92231e-05	0.000442819	-0.0335525	0.999437	0	0.250721
381.57	2.49789	-4.65234	2.84126e-05	0.000401767	-0.0156955	0.999877	0.0115394	0.237513
381.77	2.49678	-4.64982	1.20236e-05	0.00036563	0.00305774	0.999995	0.0116076	0.235842
381.97	2.49841	-4.65026	-1.96267e-05	0.000265912	0.0208036	0.999784	0	0.218183
382.17	2.50032	-4.65042	2.64026e-05	0.000392462	0.0350493	0.999386	0.0112994	0.225242
382.37	2.50981	-4.65377	5.64087e-06	0.000364321	0.0514322	0.998676	0	0.21472
382.57	2.5123	-4.65502	8.74205e-06	0.000373376	0.0681384	0.997676	0.00871227	0.208104
382.77	2.51382	-4.65525	-3.80463e-05	0.000287767	0.0851902	0.996365	0	0.207237
382.97	2.51075	-4.65688	-2.66322e-05	0.000265059	0.102886	0.994693	0	0.203913
383.17	2.51215	-4.65698	-2.47715e-05	0.000350094	0.12013	0.992758	0.00785802	0.209261
383.37	2.5135	-4.65714	-1.63645e-05	0.000385224	0.13678	0.990601	0.00720652	0.204713
383.57	2.50131	-4.65878	-5.61857e-05	0.000366633	0.155345	0.98786	0.00745923	0.200119
383.77	2.50319	-4.65873	-3.77628e-05	0.000411109	0.171068	0.985259	0.0105037	0.19502
383.97	2.50496	-4.65864	-5.12543e-05	0.000435001	0.186295	0.982494	0.00757483	0.200006
384.17	2.52068	-4.65785	-5.69131e-05	0.000385203	0.201477	0.979493	0.00756691	0.198446
384.371	2.52241	-4.65755	-4.9245e-05	0.000405714	0.217043	0.976162	0.00782319	0.192737
384.57	2.52397	-4.65728	-5.58183e-05	0.000404729	0.231929	0.972733	0.00745511	0.187888
384.77	2.53834	-4.65904	-0.000107096	0.000342938	0.243212	0.969973	0.00786431	0.187275
384.97	2.54021	-4.65854	-6.92432e-05	0.000392491	0.257961	0.966155	0.0078283	0.181973
385.17	2.54195	-4.658	-9.12529e-05	0.000324527	0.272818	0.962066	0.00774186	0.182379
385.37	2.52673	-4.65623	-7.05449e-05	0.000416589	0.284576	0.958653	0.00966695	0.167869
385.57	2.52844	-4.6554	-8.01188e-05	0.000370102	0.298131	0.954525	0.00523433	0.168356
385.771	2.53091	-4.65001	-0.000124475	0.000331384	0.311538	0.950234	0.0074737	0.173313
385.97	2.53241	-4.6495	-0.000128701	0.000352885	0.32388	0.946098	0.00728142	0.172341
386.17	2.53394	-4.64881	-0.000136822	0.000315691	0.337563	0.941303	0.0100549	0.156446
386.37	2.54198	-4.65551	-0.000102783	0.000407514	0.350993	0.936378	0.00492395	0.156165
386.57	2.54329	-4.65475	-0.000101599	0.000394137	0.363126	0.93174	0.00734459	0.161504
386.77	2.54444	-4.65413	-0.000113073	0.000407003	0.37483	0.927093	0.00486835	0.157886
386.97	2.53964	-4.65015	-0.000124778	0.000385296	0.385775	0.922593	0.00490719	0.145083
387.171	2.54082	-4.64937	-0.00012324	0.000376116	0.397499	0.917603	0.00756075	0.140638
387.37	2.54181	-4.64861	-0.000108357	0.000386107	0.406598	0.913607	0.00759143	0.139606
387.57	2.54507	-4.64815	-9.62697e-05	0.000361481	0.418506	0.908214	0.00251084	0.139326
387.771	2.54643	-4.64747	-0.000136275	0.00039554	0.429887	0.902883	0.00722737	0.146494
387.97	2.54739	-4.64674	-0.000132601	0.000375209	0.440326	0.897838	0.00472091	0.136459
388.17	2.54019	-4.63716	-0.000119906	0.000368406	0.448691	0.893687	0.00479801	0.136675
388.37	2.54123	-4.63617	-0.000163609	0.000184556	0.459123	0.888373	0.00756993	0.124741
388.571	2.54494	-4.63548	-0.000150174	0.000259714	0.469896	0.882722	0.0072086	0.125072
388.77	2.5556	-4.63518	-9.75862e-05	0.000343088	0.481274	0.87657	0.00747098	0.121937
388.97	2.55634	-4.63445	-0.000174252	0.000284106	0.490573	0.8714	0.00468175	0.127064
389.17	2.55429	-4.63309	-0.000164449	0.00035127	0.499708	0.866194	0.00466996	0.125947
389.37	2.55197	-4.63122	-0.000142163	0.000369615	0.507737	0.861512	0.00487707	0.127754
389.57	2.55276	-4.63018	-0.000162654	0.00034852	0.515967	0.856608	0.00736228	0.113989
389.77	2.55329	-4.62951	-0.00014448	0.000318043	0.522476	0.852654	0.00477378	0.122768
389.97	2.55624	-4.62811	-0.000158949	0.000262392	0.530803	0.847495	0.00716932	0.108994
390.17	2.55693	-4.62717	-0.000161856	0.000335652	0.538841	0.842407	0.00473372	0.116357
390.37	2.55761	-4.62619	-0.000188439	0.000274865	0.546802	0.837262	0.00490755	0.110127
390.57	2.55834	-4.63186	-0.000177371	0.000183837	0.55443	0.83223	0.00706354	0.104398
390.77	2.55893	-4.63095	-0.000163957	0.000336527	0.562134	0.827046	0.00706336	0.101112
390.971	2.55902	-4.63049	-0.000126465	0.00029814	0.569682	0.821865	0.00235649	0.103332
391.17	2.55711	-4.63182	-0.000147911	0.000314799	0.57742	0.816447	0.00468234	0.105261
391.37	2.55759	-4.63103	-0.000154148	0.00031776	0.58493	0.811084	0.00231082	0.100878
391.57	2.55768	-4.62884	-0.000153698	0.000310802	0.592458	0.805601	0.00471638	0.100455
391.77	2.55757	-4.62597	-0.000155361	0.000263968	0.600108	0.799919	0.00231909	0.115342
399.321	2.56033	-4.62789	-0.000129866	0.000299116	0.579459	0.815001	0	0.758426
399.521	2.55714	-4.62136	-0.000150409	0.00017763	0.630766	0.775973	0.0154627	0.787501
399.721	2.5609	-4.61644	-0.000177409	0.000243476	0.681145	0.732148	0.010711	0.769785
399.921	2.56323	-4.61303	-0.000178504	0.000242746	0.727819	0.68577	0.00319557	0.753549
400.121	2.56352	-4.60829	-0.000199611	0.000240437	0.759675	0.650302	0.0110251	0.751757
400.321	2.56135	-4.60441	-0.000113261	0.000108372	0.798709	0.601717	0.00960953	0.740652
400.521	2.56486	-4.60046	-0.000234765	0.000228975	0.835458	0.549555	0.017568	0.721024
400.721	2.56433	-4.59523	-0.000261675	0.000125889	0.867318	0.497754	0.00350529	0.715092
400.921	2.56405	-4.59242	-0.000359322	0.000206005	0.89538	0.445302	0.0131883	0.699424
401.122	2.55754	-4.58899	-0.000406204	0.000206107	0.918854	0.394598	0.0353011	0.694256
401.321	2.55008	-4.57906	-0.000385754	0.000189573	0.939093	0.343664	0.0858885	0.683132
401.521	2.5396	-4.5667	-0.00038835	0.000131509	0.95587	0.293788	0.0841511	0.660459
401.721	2.52313	-4.55332	-0.000378634	0.000125778	0.969614	0.244638	0.109796	0.64124
401.921	2.50371	-4.5401	-0.000340835	6.76719e-05	0.980599	0.196025	0.107102	0.627543
402.122	2.48552	-4.53205	-0.000383756	5.49936e-05	0.98813	0.153623	0.0868689	0.496392
402.321	2.46622	-4.52952	-0.000401576	9.96359e-05	0.993157	0.116783	0.0988208	0.493991
402.521	2.45299	-4.52609	-0.000356567	4.10637e-05	0.995988	0.0894835	0.0927369	0.475689
402.721	2.43582	-4.52269	-0.000396301	6.40003e-05	0.998551	0.0538158	0.0663359	0.456492
402.921	2.42731	-4.51782	-0.000453657	5.83103e-05	0.999479	0.0322625	0.0790126	0.435032
403.122	2.4209	-4.51633	-0.000429206	5.08483e-05	0.999867	0.0162842	0.0256894	0.170228
403.321	2.41668	-4.51587	-0.000447635	4.68395e-05	0.999988	0.00480443	0.0232439	0.144796
403.521	2.41203	-4.52294	-0.00032156	-2.52981e-05	0.999982	-0.00596413	0.0409058	0.175452
403.721	2.40581	-4.52259	-0.000322826	-2.29552e-06	0.999824	-0.0187658	0.0292987	0.165307
403.921	2.40064	-4.52249	-0.000377811	9.25341e-06	0.999494	-0.0318012	0.0202929	0.150911
404.121	2.39059	-4.5227	-0.000426285	5.25855e-07	0.999112	-0.0421409	0.0356892	0.166768
404.321	2.38484	-4.52279	-0.00036551	-2.11047e-05	0.998631	-0.052306	0.0365293	0.176102
404.521	2.37876	-4.52266	-0.000400623	1.56859e-05	0.997898	-0.0648103	0.0280673	0.171677
404.721	2.3763	-4.52132	-0.00040905	3.02171e-05	0.997045	-0.0768178	0.0181646	0.16153
404.921	2.37228	-4.52159	-0.000461392	7.266e-07	0.996202	-0.0870706	0.0301476	0.145516
405.122	2.3671	-4.52193	-0.000463023	-8.40459e-06	0.995442	-0.095363	0.0368742	0.152101
405.321	2.36279	-4.52567	-0.000379649	-2.7407e-05	0.994575	-0.10402	0.0298309	0.155002
405.521	2.35863	-4.5258	-0.000430563	-1.00536e-05	0.993389	-0.114797	0.0178677	0.142765
405.721	2.35558	-4.52609	-0.000378052	-4.20926e-05	0.992068	-0.1257	0.0168949	0.111789
405.921	2.34661	-4.52502	-0.000406531	-6.79374e-05	0.990616	-0.136675	0.0294601	0.104263
406.121	2.34013	-4.52613	-0.000393597	-6.57577e-05	0.989338	-0.145634	0.031852	0.129479
406.321	2.33557	-4.52646	-0.000380562	-2.22609e-05	0.98765	-0.156677	0.0211249	0.137859
406.522	2.33255	-4.52726	-0.000358938	-4.35426e-05	0.986148	-0.165867	0.00518378	0.119748
406.721	2.33167	-4.52721	-0.000394653	-1.42532e-05	0.984453	-0.175645	0.00436162	0.118565
406.921	2.33091	-4.52703	-0.000426513	-2.84986e-05	0.982701	-0.185197	0.0045988	0.121197
407.121	2.33709	-4.5247	-0.000414981	-2.68187e-05	0.980877	-0.194627	0.00440203	0.115232
407.321	2.33626	-4.52454	-0.000367232	-2.41795e-05	0.978915	-0.204266	0.00231983	0.123296
407.521	2.33466	-4.52489	-0.000369348	-5.94598e-05	0.977025	-0.213124	0.00990685	0.112296
407.721	2.33414	-4.52512	-0.000441822	-4.613e-05	0.975611	-0.219505	0.00802852	0.113774
407.921	2.33244	-4.52564	-0.000377758	-6.74079e-05	0.973557	-0.228443	0.0129116	0.115887
408.121	2.33036	-4.52628	-0.000460008	-7.38336e-05	0.97153	-0.236916	0.0129311	0.102914
408.321	2.32658	-4.52898	-0.000440204	-5.44484e-05	0.969629	-0.244579	0.00257507	0.102694
408.521	2.3258	-4.52903	-0.000405141	-5.43656e-05	0.967437	-0.253113	0.00228131	0.110441
408.721	2.32505	-4.529	-0.000364694	-4.62708e-05	0.965034	-0.262126	0.00217398	0.102164
408.921	2.32734	-4.5242	-0.000389401	-4.81157e-05	0.962256	-0.272147	0	0.112203
409.121	2.32679	-4.52408	-0.000198765	-7.01079e-05	0.959606	-0.281348	0	0.115447
409.321	2.32632	-4.52391	-0.000249177	-8.08458e-05	0.95677	-0.290846	0	0.105071
409.522	2.32377	-4.52274	-0.000390134	-5.43487e-05	0.953969	-0.299905	0	0.112254
409.721	2.32331	-4.52258	-0.000259143	-9.01148e-05	0.951156	-0.30871	0	0.099943
409.921	2.32281	-4.52242	-0.000378238	-7.45806e-05	0.948216	-0.317627	0	0.102748
410.121	2.32571	-4.52287	-0.000348757	-5.81542e-05	0.945491	-0.325649	0	0.108963
410.321	2.32526	-4.52291	-0.000355485	-4.97577e-05	0.943254	-0.332073	0	0.100121
410.521	2.32465	-4.52301	-0.000342755	-5.44716e-05	0.940187	-0.34066	0	0.100546
410.721	2.32272	-4.52771	-0.00024125	-0.000102416	0.937341	-0.348413	0	0.106016
410.921	2.32222	-4.52771	-0.000375112	-8.83033e-05	0.934052	-0.357136	0	0.114321
411.121	2.32171	-4.52763	-0.00024528	-0.00010642	0.930626	-0.365971	0	0.100121
411.321	2.31277	-4.52684	-0.000159232	-0.000127302	0.926544	-0.376188	0	0.102617
411.521	2.3123	-4.52684	-0.000374844	-8.748e-05	0.922931	-0.384965	0	0.103066
411.721	2.31133	-4.528	-0.000379961	-9.21256e-05	0.920457	-0.390843	0	0.112554
411.921	2.31083	-4.52795	-0.000349335	-6.9868e-05	0.916698	-0.39958	0	0.11325
412.122	2.31033	-4.52798	-0.000299641	-9.29807e-05	0.912812	-0.408381	0	0.10445
412.321	2.31968	-4.52065	-0.000320749	-0.000104898	0.907147	-0.420814	0	0.10674
412.521	2.31922	-4.52079	-0.00036537	-9.60425e-05	0.90312	-0.429388	0	0.101977
412.721	2.31884	-4.52086	-0.000279311	-7.37979e-05	0.900056	-0.435775	0	0.238687
412.921	2.31788	-4.52112	-0.000364186	-0.000111328	0.889751	-0.456445	0.0046698	0.31383
413.121	2.3139	-4.52341	-0.000338644	-0.000102138	0.87754	-0.479504	0	0.296185
413.321	2.31216	-4.524	0.000216404	0.000128404	-0.862954	0.505282	0	0.430413
413.521	2.31043	-4.52906	0.000315126	0.000109008	-0.844369	0.535762	0	0.440316
413.721	2.30928	-4.53043	0.000197417	0.00013023	-0.823196	0.567758	0	0.427138
413.921	2.30824	-4.53166	0.000315415	0.000157189	-0.801747	0.597663	0	0.414845
414.121	2.3062	-4.53278	0.000329279	0.0001828	-0.778958	0.627076	0.00257522	0.417428
414.321	2.30233	-4.53271	0.000317544	0.000210423	-0.756516	0.653976	0	0.404362
414.521	2.30167	-4.53432	0.000233281	0.000173706	-0.733529	0.679658	0	0.384786
414.721	2.30243	-4.53536	0.00031729	0.000219878	-0.710695	0.7035	0	0.393752
414.921	2.30332	-4.53666	0.0002455	0.000187106	-0.686849	0.7268	0	0.383886
415.121	2.30295	-4.53802	0.000245618	0.000211412	-0.663126	0.748508	0	0.37505
415.321	2.30272	-4.53904	0.000207385	0.000201886	-0.644979	0.7642	0	0.367648
415.522	2.30428	-4.54247	0.000240115	0.000255083	-0.619729	0.784815	0	0.352625
415.721	2.304	-4.54361	0.000254726	0.000240594	-0.596881	0.80233	0	0.348612
415.921	2.31093	-4.54275	0.000126707	0.000196079	-0.573653	0.819098	0	0.345909
416.121	2.311	-4.54384	0.000239366	0.000281705	-0.549539	0.835468	0	0.330754
416.321	2.31098	-4.54503	0.000182015	0.00023696	-0.525545	0.850765	0	0.335527
416.521	2.31022	-4.5466	0.000122401	0.000224877	-0.500438	0.865773	0	0.323316
416.721	2.30659	-4.54868	0.000231273	0.000321084	-0.476533	0.879157	0	0.316299
416.921	2.30669	-4.54977	0.000164466	0.000301378	-0.452434	0.891798	0	0.308535
417.121	2.30485	-4.55053	0.000184518	0.000278506	-0.427842	0.903853	0	0.298858
417.321	2.30207	-4.55095	0.000218023	0.000345037	-0.403316	0.915061	0	0.307577
417.521	2.30223	-4.55195	0.000107261	0.000284964	-0.37965	0.92513	0	0.291224
417.721	2.29832	-4.55239	0.000120838	0.000281721	-0.356791	0.934184	0	0.284557
417.921	2.29639	-4.55273	0.000184224	0.000354177	-0.33994	0.940447	0	0.28092
418.121	2.29691	-4.55364	8.12167e-05	0.000236606	-0.316782	0.948498	0	0.276616
418.321	2.29922	-4.55473	5.56824e-05	0.000269848	-0.292154	0.956371	0	0.27035
418.521	2.29994	-4.55554	0.000149872	0.000367648	-0.269331	0.963048	0	0.267726
418.721	2.30058	-4.55629	0.000149082	0.00033034	-0.246617	0.969113	0	0.266619
418.921	2.30814	-4.55982	0.000144665	0.000367782	-0.223074	0.974801	0	0.257929
419.121	2.30878	-4.56052	0.000131908	0.000361386	-0.201569	0.979474	0.00921767	0.269822
419.321	2.3096	-4.56124	0.000114203	0.000318041	-0.179772	0.983708	0	0.241131
419.522	2.30205	-4.55928	0.000118856	0.000347531	-0.158841	0.987304	0	0.240072
419.721	2.30304	-4.55991	0.00010863	0.000339815	-0.13818	0.990407	0	0.23343
419.921	2.30391	-4.56046	0.000108378	0.000302389	-0.118048	0.993008	0.00907179	0.247421
420.121	2.31043	-4.55854	8.80761e-05	0.000340121	-0.0985561	0.995131	0.00268428	0.231052
420.321	2.31208	-4.55904	7.24738e-05	0.00032821	-0.0785998	0.996906	0.00255521	0.225802
420.521	2.31325	-4.55939	5.18782e-05	0.000258138	-0.0640385	0.997947	0.0050608	0.226482
420.721	2.32135	-4.55823	8.53978e-05	0.00031657	-0.0438082	0.99904	0.00797647	0.231842
420.921	2.32338	-4.5587	9.09994e-05	0.00031108	-0.0240676	0.99971	0.00537786	0.219413
421.121	2.32484	-4.55908	6.01671e-05	0.000349841	-0.00544384	0.999985	0.00491934	0.215981
421.321	2.31832	-4.56128	5.91588e-05	0.000330052	0.0134595	0.999909	0.00242473	0.202208
421.521	2.31962	-4.56155	4.41379e-05	0.000319968	0.0312013	0.999513	0.00249468	0.201618
421.721	2.32085	-4.56178	4.71418e-05	0.000327484	0.0485242	0.998822	0.00485399	0.204662
421.921	2.32115	-4.56325	-2.22412e-05	0.000197716	0.066473	0.997788	0.00477222	0.197271
422.121	2.32238	-4.56345	2.42915e-05	0.000318313	0.0829762	0.996551	0.00245987	0.190175
422.321	2.3237	-4.5636	2.65912e-05	0.000300099	0.0991656	0.995071	0.00500638	0.192292
422.521	2.33051	-4.55962	1.75904e-05	0.000301542	0.11324	0.993568	0.00237542	0.17945
422.721	2.33266	-4.55947	-4.22826e-05	0.000289161	0.12928	0.991608	0.0316533	0.198391
422.921	2.33473	-4.55931	1.23703e-05	0.000318337	0.140652	0.990059	0.00232952	0.172113
423.121	2.33308	-4.56338	-4.7489e-05	0.000197762	0.156041	0.987751	0.00488789	0.179343
423.321	2.33403	-4.56341	2.47192e-05	0.000275516	0.171197	0.985237	0.00474341	0.176795
423.521	2.33507	-4.56336	1.11334e-05	0.000261828	0.186139	0.982523	0	0.170579
423.721	2.34465	-4.56111	-2.61928e-05	0.000272875	0.201168	0.979557	0.00239349	0.164622
423.921	2.3455	-4.56108	-2.15914e-05	0.000251128	0.214577	0.976707	0	0.170305
424.121	2.34625	-4.56107	-1.14212e-05	0.00029759	0.228066	0.973646	0.00226717	0.159348
424.321	2.34363	-4.56483	-1.01258e-05	0.000292123	0.241764	0.970335	0	0.157233
424.521	2.34447	-4.5647	-2.31616e-05	0.000315025	0.255146	0.966903	0.0046724	0.159297
424.721	2.34541	-4.56452	-3.87602e-05	0.00030927	0.268156	0.963375	0	0.155763
424.921	2.3407	-4.56258	-5.84985e-05	0.000236215	0.280394	0.959885	0	0.15078
425.121	2.34114	-4.56264	-5.91148e-05	0.000187829	0.292729	0.956195	0	0.152609
425.321	2.34176	-4.56254	-3.5092e-05	0.000275197	0.305273	0.952265	0	0.149378
425.521	2.34012	-4.56229	-5.43965e-05	0.00016414	0.314169	0.949367	0.00229495	0.140336
425.721	2.34079	-4.56207	-3.71282e-05	0.000270294	0.326119	0.945329	0.00224725	0.136165
433.321	2.34011	-4.55854	-2.08625e-06	0.000192385	0.307649	0.9515	0	0.749905
433.521	2.34746	-4.56278	-5.69714e-05	0.00028308	0.364109	0.931356	0	0.674859
433.721	2.3506	-4.55834	-6.02813e-05	0.000118479	0.416569	0.909104	0	0.660988
433.921	2.35295	-4.55717	-8.05184e-05	0.000184898	0.468362	0.883537	0	0.652218
434.121	2.3549	-4.55366	-9.03584e-05	0.000256853	0.519623	0.854396	0	0.645723
434.321	2.35667	-4.55197	-0.000108144	0.000283024	0.565726	0.824593	0.00547407	0.630593
434.521	2.35965	-4.54919	-5.93184e-05	7.58238e-05	0.609335	0.792913	0	0.6164
434.721	2.36086	-4.54722	-0.000123029	0.000236636	0.650199	0.759764	0	0.604886
434.921	2.36705	-4.54686	-0.000148079	0.000231668	0.688812	0.72494	0	0.585296
435.121	2.36777	-4.54485	-0.00015025	0.000221574	0.723669	0.690147	0	0.57917
435.321	2.35809	-4.54601	-7.02576e-05	7.87404e-05	0.753753	0.657158	0.00273131	0.567309
435.521	2.35832	-4.54277	-0.000188627	0.000214344	0.7851	0.61937	0.010741	0.565694
435.721	2.35806	-4.53688	-0.000102327	6.99919e-05	0.806287	0.591525	0.0804947	0.576851
435.921	2.35899	-4.52154	-0.000218735	0.000213204	0.833915	0.551893	0.0198737	0.545249
436.121	2.35832	-4.51289	-0.000218925	0.000175242	0.857483	0.514512	0.0147178	0.535502
436.321	2.35834	-4.50606	-0.000132663	0.00012124	0.878893	0.477019	0.0401957	0.535366
436.521	2.35755	-4.49898	-0.000181009	0.000139564	0.898669	0.438628	0.010226	0.514088
436.721	2.35746	-4.49433	-0.000172692	6.73612e-05	0.916479	0.400084	0	0.497689
436.921	2.3531	-4.49215	-0.000234162	0.000151019	0.931985	0.362496	0.00664119	0.493334
437.121	2.35251	-4.48744	-0.00018759	0.0001385	0.945965	0.32427	0.0140742	0.487638
437.321	2.34694	-4.48259	-0.000246555	0.00013388	0.958647	0.284597	0.0121654	0.478229
437.521	2.34576	-4.47911	-0.00016891	0.00011572	0.969304	0.245864	0	0.458378
437.721	2.34419	-4.47575	-0.000259759	0.000108636	0.978267	0.207351	0	0.449535
437.921	2.34722	-4.46601	-8.30856e-05	3.20358e-06	0.985662	0.168731	0	0.441055
438.122	2.3457	-4.46348	-0.000266492	8.87261e-05	0.991321	0.131467	0	0.435057
438.321	2.34482	-4.46174	-0.000157477	7.26795e-05	0.994617	0.103618	0	0.42384
438.521	2.34594	-4.46256	-0.000257535	7.73451e-05	0.997724	0.0674242	0	0.417327
438.721	2.34457	-4.46079	-0.000112649	2.25731e-05	0.999482	0.0321894	0	0.404429
438.921	2.34314	-4.4592	-0.000260175	7.14368e-05	0.999996	-0.00286642	0	0.404803
439.121	2.33882	-4.46137	-0.000168106	-2.80297e-06	0.999334	-0.0364796	0	0.38969
439.321	2.33732	-4.46022	-0.000268674	4.74674e-05	0.997571	-0.0696613	0	0.384472
439.521	2.33646	-4.45998	-0.000183539	4.57779e-05	0.994813	-0.101717	0.00974668	0.390361
439.721	2.33721	-4.46149	-0.000192069	2.26211e-05	0.99088	-0.134747	0	0.369821
439.921	2.33556	-4.46067	-0.000214917	-1.32863e-05	0.986235	-0.165351	0	0.366921
440.121	2.33095	-4.45727	-9.67894e-05	-2.88425e-05	0.980437	-0.196835	0	0.356323
440.321	2.32576	-4.4532	-0.000255034	-4.82925e-06	0.97398	-0.226633	0	0.351561
440.521	2.32383	-4.45232	-0.000102572	-2.92104e-05	0.966767	-0.25566	0	0.348537
440.721	2.32562	-4.45291	-0.000233783	-1.02947e-05	0.958646	-0.2846	0	0.335875
440.921	2.32585	-4.45313	-0.000230189	-4.57751e-05	0.952224	-0.305401	0.00240501	0.339954
441.121	2.32372	-4.45268	-0.000229553	-5.31288e-06	0.942817	-0.333312	0	0.330405
441.321	2.31554	-4.45664	-0.000280883	-4.49328e-05	0.933127	-0.359546	0	0.32085
441.521	2.31302	-4.45679	-9.83124e-05	-5.34407e-05	0.922965	-0.384883	0	0.311626
441.721	2.30982	-4.45781	-0.000282581	-6.50623e-05	0.9118	-0.410634	0.0308935	0.334367
441.921	2.31043	-4.45678	-0.000338886	-0.000112984	0.900813	-0.434208	0.0249749	0.318573
442.121	2.30502	-4.45978	-0.000170206	-8.9727e-05	0.889313	-0.457298	0.024889	0.313096
442.321	2.30015	-4.46269	-0.000104196	-0.000104075	0.877484	-0.479605	0.0232275	0.314483
442.521	2.29356	-4.4646	0.000272433	9.13636e-05	-0.865106	0.50159	0.0215478	0.300601
