time	x	y	orientation_x	orientation_y	orientation_z	orientation_w	linear_vel	angular_vel
215.43	-8.9996	-8.99652	-0.000405592	0.000461215	0.703156	0.711036	0.0691292	-0.10891
215.63	-8.99959	-8.98144	-0.00034902	0.000428378	0.698201	0.715902	0.126102	-0.069963
215.83	-8.99914	-8.96464	-2.49522e-06	-2.57023e-05	0.693818	0.720151	0.159386	-0.0775807
216.03	-8.99805	-8.93242	0.000346046	-0.000309842	0.689741	0.724056	0.203606	-0.0778263
216.23	-8.99646	-8.88996	0.000316193	-0.000321879	0.686365	0.727257	0.237516	-0.0538394
216.43	-8.93229	-8.87568	0.000418244	-0.000429948	0.686327	0.727293	0.289883	-0.056289
216.63	-8.92909	-8.81629	0.00043452	-0.000487137	0.681253	0.732048	0.296621	-0.0561837
216.83	-8.9252	-8.75846	0.00037526	-0.000432029	0.676301	0.736626	0.295472	-0.0560085
217.03	-8.94127	-8.68374	0.000338377	-0.000392896	0.670366	0.74203	0.298173	-0.0567331
217.23	-8.93568	-8.62502	0.000390601	-0.000379781	0.665038	0.74681	0.293906	-0.0571398
217.43	-8.92936	-8.56644	0.000395784	-0.000377405	0.659588	0.751627	0.301283	-0.0625229
217.63	-8.9539	-8.49672	0.000388897	-0.000393763	0.653242	0.757149	0.299989	-0.0670669
217.83	-8.94878	-8.45159	0.00039505	-0.000445134	0.64858	0.761147	0.312913	-0.0643577
218.03	-8.9402	-8.39152	0.000414426	-0.000432233	0.642142	0.766586	0.308686	-0.069984
218.23	-8.91047	-8.35565	0.000401623	-0.000472994	0.637308	0.770609	0.312169	-0.0769402
218.43	-8.90231	-8.29432	0.000399543	-0.000476637	0.63064	0.776075	0.309008	-0.0761034
218.63	-8.89428	-8.23196	0.000399199	-0.000509624	0.623889	0.781513	0.317746	-0.0830269
218.83	-8.84291	-8.21445	0.00039321	-0.000567362	0.62177	0.7832	0.326251	-0.0979094
219.03	-8.83526	-8.14787	0.000473834	-0.000647753	0.613929	0.789361	0.350825	-0.107458
219.23	-8.82717	-8.07877	0.000598714	-0.00084276	0.605351	0.795958	0.348835	-0.115033
219.43	-8.83221	-7.991	0.00071622	-0.0010186	0.594135	0.804365	0.351013	-0.114615
219.63	-8.82368	-7.92156	0.00082997	-0.00120593	0.58476	0.811205	0.357275	-0.136727
219.83	-8.81487	-7.85145	0.000943179	-0.00139524	0.574995	0.818155	0.353943	-0.138382
220.03	-8.82909	-7.74855	0.00103203	-0.00158496	0.560691	0.828023	0.349665	-0.148202
220.23	-8.81943	-7.67841	0.00110502	-0.00173721	0.550237	0.835006	0.346303	-0.147926
220.43	-8.81223	-7.62611	0.00110471	-0.00176738	0.542501	0.840053	0.355563	-0.143623
220.63	-8.80243	-7.55847	0.00112715	-0.0018584	0.53292	0.846163	0.330586	-0.143936
220.83	-8.79189	-7.48847	0.00115614	-0.00190702	0.522449	0.852667	0.330256	-0.131519
221.03	-8.78128	-7.41916	0.00111797	-0.00191523	0.512299	0.858804	0.347316	-0.143125
221.23	-8.76142	-7.35723	0.00112717	-0.00193274	0.503803	0.863815	0.365401	-0.145257
221.43	-8.75009	-7.28692	0.00113614	-0.00193225	0.492848	0.870112	0.306845	-0.155125
221.63	-8.7713	-7.18784	0.00095793	-0.00164802	0.478873	0.877882	0.321945	-0.0762577
221.83	-8.74112	-7.13139	0.000777276	-0.00133445	0.469635	0.882859	0.288953	-0.0679433
222.03	-8.71037	-7.07948	0.000524232	-0.000896098	0.461329	0.887229	0.341749	-0.082619
222.23	-8.67078	-7.01849	0.000352518	-0.000593665	0.45205	0.891992	0.315408	-0.0625696
222.43	-8.63445	-6.96686	0.000204205	-0.000350566	0.444843	0.895608	0.341292	-0.0729023
222.63	-8.58953	-6.92568	0.000231358	-0.000369616	0.439685	0.898152	0.305037	-0.072062
222.83	-8.54405	-6.88981	0.000207555	-0.000334656	0.4356	0.90014	0.332039	-0.0766645
223.031	-8.51671	-6.8525	0.000194854	-0.000358245	0.430685	0.902502	0.325717	-0.0706643
223.23	-8.47906	-6.80135	0.000134673	-0.000376213	0.423862	0.905727	0.331765	-0.0671428
223.43	-8.43798	-6.74855	0.000202826	-0.000411687	0.417065	0.908876	0.304433	-0.0581741
223.63	-8.39865	-6.70215	0.000174245	-0.000392632	0.411601	0.911364	0.322714	-0.0677331
223.83	-8.35788	-6.65587	0.000215044	-0.000398416	0.405405	0.914137	0.319515	-0.0622179
224.03	-8.3207	-6.61351	0.000202222	-0.000362638	0.399448	0.916756	0.313508	-0.0650193
224.23	-8.27985	-6.5692	0.000173857	-0.000386391	0.393697	0.91924	0.296459	-0.0886101
224.43	-8.23811	-6.52394	0.000140982	-0.000359361	0.386361	0.922348	0.303699	-0.0951397
224.631	-8.19622	-6.48099	0.000137693	-0.00033356	0.380572	0.924751	0.301511	-0.066195
224.83	-8.15416	-6.43922	0.000195808	-0.000352006	0.376212	0.926534	0.29266	-0.0807037
225.03	-8.11299	-6.39854	0.000202117	-0.00038522	0.37164	0.928377	0.299414	-0.0632184
225.23	-8.0713	-6.35902	0.000172305	-0.000337764	0.366711	0.930335	0.286336	-0.0953818
225.43	-8.03989	-6.32986	0.000165911	-0.000324962	0.36213	0.932128	0.296265	-0.0997936
225.63	-7.99698	-6.2914	0.000167467	-0.000304483	0.355516	0.93467	0.29712	-0.0895532
225.83	-7.95339	-6.25339	0.000178436	-0.000324948	0.349277	0.937019	0.29579	-0.10333
226.03	-7.9101	-6.21628	0.000154729	-0.000298878	0.343202	0.939262	0.291882	-0.0999677
226.231	-7.85246	-6.17579	4.21035e-05	-0.000295163	0.336668	0.941623	0.296733	-0.103937
226.43	-7.80552	-6.13927	0.000114276	-0.00031634	0.330964	0.943643	0.295623	-0.0982953
226.63	-7.76085	-6.1042	8.10226e-05	-0.0002939	0.325384	0.945582	0.291573	-0.0968811
226.83	-7.73283	-6.06923	0.000153638	-0.000322505	0.32024	0.947336	0.316266	0.100107
227.03	-7.68409	-6.03212	5.36217e-05	-0.000298073	0.331431	0.943479	0.311565	0.130923
227.23	-7.63647	-5.99417	0.000161433	-0.00030254	0.343217	0.939256	0.305111	0.131487
227.43	-7.59072	-5.96327	0.000149652	-0.000290619	0.35557	0.93465	0.307762	0.134347
227.63	-7.54572	-5.92351	0.000121403	-0.00025103	0.365829	0.930682	0.305695	0.128094
227.83	-7.50205	-5.88343	0.000167568	-0.000298416	0.375702	0.92674	0.299078	0.11421
228.03	-7.47241	-5.85299	0.00012094	-0.000313394	0.382902	0.923789	0.299721	0.12048
228.23	-7.43202	-5.8115	0.000193254	-0.000350208	0.392408	0.919791	0.299574	0.10985
228.431	-7.39139	-5.7687	0.000178025	-0.000306392	0.400516	0.91629	0.296777	0.110672
228.63	-7.34786	-5.71519	0.000172411	-0.000356919	0.40477	0.914418	0.298824	0.117094
228.83	-7.3087	-5.67143	0.000127848	-0.000320949	0.412082	0.911147	0.299087	0.103078
229.03	-7.27056	-5.62748	0.000125821	-0.000326063	0.419137	0.907923	0.298765	0.103502
229.23	-7.23862	-5.58568	0.000182339	-0.000336054	0.423849	0.905733	0.298231	0.102251
229.43	-7.20216	-5.54121	0.000196371	-0.000296508	0.430309	0.902682	0.289518	0.10863
229.63	-7.16266	-5.49432	0.000201768	-0.000310329	0.439175	0.898401	0.289934	0.0944454
229.83	-7.12823	-5.44913	0.000152532	-0.000233379	0.444765	0.895647	0.290338	0.103857
230.03	-7.09441	-5.4032	0.000178541	-0.000263207	0.450213	0.892921	0.290987	0.0991286
230.23	-7.06323	-5.36219	6.76384e-05	-0.000237963	0.455367	0.890304	0.288158	0.099013
230.431	-7.03096	-5.31555	0.000185754	-0.000283992	0.460234	0.887798	0.290421	0.0925908
230.631	-7.00739	-5.28057	0.000173328	-0.000212375	0.463309	0.886197	0.293473	0.0981843
230.831	-6.97588	-5.2336	0.000127135	-0.000239516	0.467408	0.884042	0.289385	0.0970635
231.03	-6.94395	-5.15026	0.000171492	-0.000220588	0.468024	0.883716	0.291127	0.100537
231.23	-6.91299	-5.10281	0.000185416	-0.000272477	0.472086	0.881552	0.292096	0.0911253
231.43	-6.88323	-5.05519	0.000209898	-0.000274873	0.475904	0.879497	0.293634	0.0985572
231.63	-6.82612	-5.03472	0.000189562	-0.000241474	0.481221	0.876599	0.284296	0.100151
231.83	-6.79879	-4.98611	0.000157259	-0.000217163	0.484638	0.874715	0.284938	0.0926084
232.03	-6.81023	-4.91545	0.000173009	-0.000198793	0.486024	0.873945	0.285993	0.0903317
232.23	-6.78189	-4.86749	0.000181239	-0.000235321	0.489169	0.872189	0.286187	0.0914256
232.43	-6.75436	-4.81896	0.000150352	-0.00024207	0.492126	0.870524	0.283404	0.0841305
232.631	-6.68049	-4.7945	0.000176762	-0.000212752	0.497848	0.867265	0.283411	0.0890438
232.83	-6.65508	-4.74483	0.000182006	-0.000219131	0.500567	0.865698	0.284154	0.0868209
233.03	-6.6291	-4.69563	0.000166384	-0.000188018	0.503066	0.864248	0.284553	0.0958201
233.23	-6.64348	-4.66142	0.000209884	-0.000268043	0.50461	0.863348	0.287001	0.0837892
233.43	-6.6172	-4.6119	0.000121685	-0.000209484	0.507004	0.861944	0.284336	0.0904182
233.63	-6.59242	-4.56184	0.000209117	-0.000241552	0.509555	0.860438	0.284759	0.0821507
233.83	-6.56715	-4.50829	0.000198294	-0.000241025	0.511325	0.859387	0.284849	0.0897895
234.03	-6.54186	-4.4583	0.000143542	-0.00023936	0.51375	0.85794	0.287695	0.102337
234.23	-6.5004	-4.41416	0.000198716	-0.000243903	0.517442	0.855718	0.2797	0.090825
234.43	-6.4761	-4.36445	0.000200105	-0.000248502	0.52016	0.854068	0.288167	0.0992515
234.63	-6.45286	-4.31479	0.000177793	-0.000206699	0.522984	0.852342	0.271171	0.0950206
234.83	-6.44204	-4.25414	0.00016166	-0.000245903	0.522536	0.852617	0.284188	0.0976807
235.03	-6.42211	-4.20577	0.000172166	-0.000169771	0.525025	0.851087	0.254172	0.079839
235.23	-6.40486	-4.15712	0.000142649	-0.000134236	0.526933	0.849907	0.249218	0.0773122
235.43	-6.39665	-4.12049	0.000158777	-0.000143024	0.530095	0.847938	0.239739	0.0699656
235.63	-6.38917	-4.08783	0.000173397	-0.000164456	0.530713	0.847551	0.229992	0.0580703
235.83	-6.37988	-4.04377	0.000132998	-0.000165992	0.532607	0.846363	0.22226	0.0535426
236.031	-6.37194	-4.00157	0.000151713	-0.000146607	0.535078	0.844803	0.212868	0.0504409
236.23	-6.36415	-3.96028	0.000153871	-0.00015295	0.537584	0.84321	0.211793	0.0519952
236.43	-6.35631	-3.91951	0.000149425	-0.000128665	0.540069	0.84162	0.20267	0.0523926
236.63	-6.34481	-3.87407	7.02535e-05	-0.0001262	0.540582	0.841291	0.193149	0.0451885
236.83	-6.33709	-3.83594	0.000145781	-0.000130818	0.543177	0.839618	0.195049	0.0515067
237.03	-6.32972	-3.79871	7.80891e-05	-0.0001052	0.54566	0.838007	0.183598	0.0436084
237.23	-6.32583	-3.7657	0.000149432	-0.000134672	0.549643	0.8354	0.188634	0.0540849
237.43	-6.31884	-3.72933	0.000151046	-0.000146395	0.552314	0.833636	0.190116	0.0575069
237.63	-6.31246	-3.69443	0.000106148	-8.98515e-05	0.554595	0.83212	0.173801	0.0454971
237.83	-6.31081	-3.65522	0.000123852	-9.29284e-05	0.557588	0.830118	0.175662	0.0539587
238.03	-6.30486	-3.62285	0.000137176	-0.000106243	0.560148	0.828393	0.164967	0.0472643
238.23	-6.30056	-3.5993	6.45383e-05	-0.00010633	0.562095	0.827072	0.172763	0.0604498
238.43	-6.29188	-3.57328	8.96053e-05	-5.38054e-05	0.564412	0.825493	0.160528	0.0472713
238.631	-6.28655	-3.54369	9.62526e-05	-6.18402e-05	0.567213	0.823571	0.145354	0.0407053
238.83	-6.28104	-3.51386	0.000117844	-7.35799e-05	0.569997	0.821647	0.151687	0.0470608
239.03	-6.27118	-3.48991	3.38441e-05	-9.78953e-06	0.573182	0.819428	0.14576	0.0408549
239.23	-6.26636	-3.4625	0.000101988	-4.83977e-05	0.576236	0.817283	0.139192	0.0451278
239.43	-6.26174	-3.43661	6.37564e-05	9.12716e-06	0.579329	0.815094	0.140682	0.057542
239.63	-6.2613	-3.41224	-1.37694e-05	0.000113863	0.583604	0.812038	0.136625	0.0442512
239.83	-6.25671	-3.38579	-3.67514e-05	0.00014712	0.586558	0.809907	0.133807	0.044471
240.03	-6.25515	-3.35915	-0.000180656	0.000344653	0.5899	0.807476	0.127145	0.0433186
240.23	-6.2587	-3.33006	-0.000241134	0.000283831	0.593908	0.804533	0.133357	0.0557889
240.43	-6.2549	-3.30557	-0.000257497	0.000420871	0.596833	0.802365	0.127139	0.0434869
240.63	-6.2515	-3.28243	-0.000241535	0.000398609	0.599578	0.800316	0.117272	0.044485
240.83	-6.23394	-3.2652	-0.000259963	0.000429867	0.600394	0.799704	0.121408	0.047138
241.03	-6.2307	-3.24272	-0.000280464	0.000380163	0.602991	0.797748	0.118036	0.0388821
241.23	-6.22758	-3.22104	-0.000270439	0.000379336	0.605757	0.795649	0.113367	0.0440222
241.43	-6.22883	-3.20306	-0.000295359	0.000270386	0.608902	0.793245	0.120914	0.0526147
241.63	-6.2258	-3.18142	-0.000281101	0.000442696	0.612037	0.790829	0.114184	0.0450553
241.83	-6.21933	-3.15562	-0.000279701	0.000434407	0.613217	0.789914	0.103532	0.0386975
242.03	-6.21646	-3.13578	-0.000294494	0.000411752	0.615527	0.788116	0.102153	0.0385385
242.23	-6.21392	-3.11639	-0.000298434	0.000417617	0.618204	0.786017	0.0994952	0.0407895
242.43	-6.21594	-3.10405	-0.00029481	0.000452993	0.621799	0.783177	0.106389	0.0496274
242.63	-6.21337	-3.08515	-0.000306465	0.000467247	0.62456	0.780977	0.103691	0.0616652
242.83	-6.21025	-3.06548	-0.000301471	0.000460965	0.627486	0.778627	0.106187	0.059274
243.03	-6.19524	-3.04157	-0.000287834	0.00038144	0.631173	0.775642	0.111874	0.061934
243.23	-6.19276	-3.02092	-0.000291492	0.000323845	0.634423	0.772986	0.116483	0.0701174
243.43	-6.19106	-3.0065	-0.000284079	0.000429969	0.636906	0.770941	0.112538	0.0683269
243.63	-6.22484	-2.99223	-0.00029263	0.000332066	0.641774	0.766894	0.101573	0.0642177
243.83	-6.24104	-2.97533	-0.000282299	0.000391911	0.645548	0.76372	0.102926	0.0698417
244.03	-6.23884	-2.95612	-0.000294235	0.000405855	0.648536	0.761183	0.100399	0.0686612
244.23	-6.17841	-2.92375	-0.000293783	0.000337518	0.646093	0.763259	0.107512	0.071251
244.43	-6.17644	-2.90425	-0.00029398	0.000415266	0.649783	0.76012	0.101426	0.0745165
244.63	-6.17766	-2.88612	-0.000314883	0.000334597	0.653201	0.757185	0.114365	0.0794415
244.83	-6.21367	-2.87641	-0.00030387	0.000342677	0.662278	0.749258	0.106464	0.080449
245.031	-6.21183	-2.85673	-0.000304649	0.000372997	0.666224	0.745752	0.10374	0.0759914
245.23	-6.21015	-2.83695	-0.000277526	0.000372076	0.670297	0.742093	0.103673	0.0801871
245.43	-6.19829	-2.82048	-0.000276793	0.00034962	0.672663	0.739949	0.115773	0.0899483
245.63	-6.19695	-2.80043	-0.000279911	0.000368855	0.676787	0.736179	0.102935	0.0769567
245.83	-6.19594	-2.78508	-0.000296643	0.000394612	0.680036	0.733179	0.108106	0.0847685
246.03	-6.19936	-2.76246	-0.000244224	0.000345702	0.681825	0.731515	0.103175	0.0799276
246.23	-6.19813	-2.74096	-0.00027071	0.000351412	0.685483	0.728089	0.13171	0.0366405
246.43	-6.197	-2.71573	-0.000182971	0.000257511	0.68737	0.726307	0.156767	0.0461353
246.63	-6.19143	-2.69116	8.86506e-05	-4.78127e-05	0.692165	0.721739	0.138714	0.0370216
246.83	-6.19083	-2.66497	8.63332e-05	-2.13986e-05	0.69402	0.719956	0.15652	0.0465958
247.03	-6.19014	-2.63726	0.000130996	-3.39335e-05	0.695889	0.71815	0.142857	0.0476523
247.23	-6.17114	-2.61208	5.07467e-06	9.63485e-05	0.695848	0.718189	0.128918	0.0362923
247.43	-6.17073	-2.58995	-0.000281708	0.000343059	0.69766	0.716429	0.112805	0.0323817
247.631	-6.18017	-2.56394	-0.000204222	0.000263186	0.699918	0.714223	0.141638	0.0433374
247.83	-6.17978	-2.53926	-0.000227231	0.000311911	0.70211	0.712068	0.120669	0.039172
248.03	-6.17953	-2.51794	-0.000273491	0.000333777	0.704041	0.710159	0.114768	0.0366475
248.231	-6.16578	-2.50489	-0.000288531	0.000346541	0.704101	0.7101	0.119631	0.038777
248.43	-6.16559	-2.48855	-0.000222358	0.000272114	0.705618	0.708593	0.125232	0.0384614
248.63	-6.16543	-2.46698	-0.000279351	0.000368467	0.707605	0.706609	0.139287	0.0467313
248.83	-6.1752	-2.44068	-0.000246347	0.000308207	0.710746	0.703449	0.119597	0.03859
249.03	-6.17956	-2.41703	-0.000307668	0.000217853	0.713288	0.700871	0.13001	0.0471778
249.231	-6.17975	-2.39653	-0.000341301	0.000350474	0.715576	0.698535	0.114865	0.0368579
249.43	-6.18084	-2.36526	-0.000334022	0.00033247	0.717612	0.696443	0.100307	0.0339899
249.63	-6.1813	-2.34392	-0.000277896	0.000333776	0.719778	0.694204	0.110339	0.0380266
249.831	-6.18182	-2.32303	-0.000260496	0.000302403	0.721948	0.691947	0.110967	0.0376877
250.03	-6.18981	-2.30315	-0.000298718	0.000342623	0.72551	0.688211	0.112868	0.0394525
250.23	-6.19057	-2.28232	-0.000329781	0.000285939	0.727785	0.685806	0.114927	0.0406305
250.43	-6.19123	-2.26191	-0.000278206	0.000313469	0.730243	0.683188	0.110891	0.047353
250.63	-6.18263	-2.24432	-0.000292257	0.000328487	0.732102	0.681194	0.112118	0.0424023
250.83	-6.1837	-2.22384	-0.000295654	0.000333459	0.734482	0.678628	0.110551	0.0383188
251.03	-6.18463	-2.2078	-0.000286673	0.000325498	0.736417	0.676528	0.107441	0.0475821
251.23	-6.18975	-2.1894	-0.000294193	0.000290631	0.738987	0.673719	0.112157	0.0443962
251.43	-6.19327	-2.17051	-0.00034308	0.000342083	0.741727	0.670702	0.106273	0.0443167
251.63	-6.19446	-2.15108	-0.000364514	0.000340526	0.744838	0.667245	0.100542	0.0400064
251.831	-6.18478	-2.13259	-0.000333516	0.000340788	0.747763	0.663965	0.108976	0.05818
252.03	-6.18481	-2.11327	-0.000358409	0.000269673	0.751166	0.660113	0.102548	0.0490032
252.23	-6.18652	-2.09366	-0.000365303	0.000362009	0.754318	0.656509	0.102559	0.0381201
252.43	-6.19095	-2.07491	-0.000366696	0.000345731	0.758482	0.651694	0.105805	0.048094
252.631	-6.19301	-2.05549	-0.00038657	0.000368073	0.761983	0.647597	0.106524	0.0387325
252.83	-6.19529	-2.03556	-0.000372412	0.000337885	0.765575	0.643346	0.102541	0.0457284
253.03	-6.21015	-2.01331	-0.000368546	0.000330939	0.769447	0.63871	0.102759	0.0355068
253.231	-6.21278	-1.99435	-0.000373573	0.000272077	0.772205	0.635374	0.104674	0.0338612
253.43	-6.2155	-1.9753	-0.000382067	0.000345311	0.775155	0.631771	0.101243	0.0440151
253.63	-6.21766	-1.96115	-0.000372252	0.000337669	0.776764	0.629792	0.107888	0.0217112
253.83	-6.28902	-1.95723	-0.000350931	0.000271081	0.779221	0.626749	0.111694	0.00259559
254.03	-6.29241	-1.93704	-0.000384864	0.000333141	0.780948	0.624596	0.106002	0
254.23	-6.28602	-1.92051	-0.000312294	0.000295765	0.78127	0.624193	0.144772	-0.0510161
254.43	-6.28761	-1.89984	-0.000382054	0.000337338	0.782113	0.623136	0.10659	-0.000903546
254.63	-6.29131	-1.87856	-0.000296249	0.000171843	0.782525	0.622619	0.14082	-0.0566096
254.83	-6.28437	-1.83871	0.000170673	-0.000102363	0.781235	0.624237	0.203019	-0.13397
255.03	-6.29267	-1.79554	0.000119973	-0.000216613	0.776711	0.629858	0.259731	-0.199074
255.23	-6.30222	-1.74119	0.000287009	-0.000450495	0.771467	0.636269	0.313283	-0.202749
255.431	-6.33131	-1.67376	0.000371875	-0.000565377	0.766262	0.642527	0.367533	-0.230176
255.63	-6.34044	-1.59764	0.000811859	-0.000973673	0.759086	0.65099	0.41106	-0.230031
255.83	-6.35036	-1.51837	0.00138796	-0.00148541	0.751917	0.659255	0.411568	-0.231273
256.03	-6.35657	-1.45838	0.00185021	-0.00193169	0.74652	0.665358	0.394804	-0.225999
256.23	-6.28489	-1.40046	0.00237145	-0.00244374	0.734782	0.678295	0.384046	-0.209712
256.431	-6.28914	-1.32352	0.00285181	-0.00292965	0.727639	0.685948	0.408374	-0.2198
256.63	-6.27908	-1.20939	0.00345849	-0.00357467	0.719282	0.6947	0.40062	-0.23087
256.83	-6.27988	-1.1302	0.004013	-0.00419706	0.710477	0.703696	0.393208	-0.239124
257.03	-6.2785	-1.05246	0.00451377	-0.00479437	0.700355	0.713764	0.395568	-0.228138
257.23	-6.29555	-0.985389	0.00499435	-0.00539214	0.691006	0.722812	0.392555	-0.2275
257.431	-6.29099	-0.909272	0.00540637	-0.00597555	0.679791	0.733362	0.384394	-0.219534
257.63	-6.28477	-0.834831	0.00574621	-0.00651375	0.667878	0.74422	0.380692	-0.214564
257.83	-6.26734	-0.781537	0.00605655	-0.00703376	0.65473	0.755805	0.372028	-0.242261
258.03	-6.2569	-0.710753	0.00620705	-0.00747682	0.639214	0.768968	0.36274	-0.231232
258.23	-6.24404	-0.641845	0.00626374	-0.00783944	0.622647	0.782439	0.353014	-0.236662
258.43	-6.23471	-0.558721	0.00618017	-0.00809431	0.603402	0.797372	0.345716	-0.217486
258.63	-6.22148	-0.510208	0.00609038	-0.00820963	0.589831	0.807462	0.338994	-0.230381
258.83	-6.20179	-0.447797	0.00586109	-0.00829561	0.570892	0.820962	0.334845	-0.219477
259.03	-6.17945	-0.383187	0.00560452	-0.00830309	0.552484	0.833463	0.348791	-0.12542
259.23	-6.15516	-0.319711	0.00540272	-0.00831576	0.538422	0.842617	0.342776	-0.110005
259.43	-6.12723	-0.25834	0.0051907	-0.0082741	0.52564	0.850651	0.345164	-0.110756
259.63	-6.10284	-0.197693	0.00496713	-0.00817605	0.513625	0.857962	0.343159	-0.100452
259.831	-6.07248	-0.138509	0.00473719	-0.00805583	0.501815	0.864924	0.337669	-0.0979512
260.03	-6.03791	-0.0826654	0.00453096	-0.00793626	0.491177	0.871012	0.340638	-0.104335
260.23	-6.00555	-0.0238967	0.00432183	-0.00780315	0.480328	0.877043	0.347802	-0.09984
260.43	-5.97265	0.0344637	0.00411218	-0.00764768	0.469868	0.882694	0.34213	-0.0861928
260.63	-5.93507	0.0904449	0.00391832	-0.00746542	0.4614	0.887152	0.337541	-0.0894023
260.83	-5.89722	0.145417	0.00370589	-0.00721854	0.453675	0.89113	0.337748	-0.0837047
261.03	-5.85911	0.198693	0.00349254	-0.00696972	0.445759	0.895119	0.338309	-0.0743866
261.23	-5.82811	0.237494	0.0033241	-0.0068168	0.438514	0.898692	0.33852	-0.0739237
261.43	-5.78791	0.290208	0.0031419	-0.00658303	0.431324	0.902168	0.336517	-0.0684121
261.63	-5.74669	0.341584	0.00295899	-0.00632144	0.424816	0.905253	0.329229	-0.0599669
261.831	-5.71517	0.395102	0.00278999	-0.00603735	0.420693	0.907179	0.332587	-0.0753111
262.03	-5.67316	0.445213	0.00260751	-0.00574914	0.414595	0.909984	0.334705	-0.0683981
262.23	-5.63012	0.494989	0.00243953	-0.00547088	0.409088	0.912475	0.336342	-0.0604146
262.43	-5.58337	0.537763	0.00226747	-0.00518096	0.403022	0.915173	0.329559	-0.0640295
262.63	-5.54044	0.586428	0.00209145	-0.00485735	0.397774	0.917468	0.331309	-0.0625931
262.83	-5.49742	0.635153	0.00192209	-0.00453667	0.392805	0.919608	0.337428	-0.0581041
263.03	-5.45025	0.681641	0.00177511	-0.00423445	0.389474	0.921026	0.33092	-0.0519905
263.23	-5.40509	0.728356	0.00161704	-0.00390395	0.385693	0.922617	0.329146	-0.0452435
263.43	-5.36632	0.775288	0.00145359	-0.00354875	0.382411	0.923984	0.332011	-0.0510076
263.63	-5.32918	0.822355	0.00129378	-0.00318805	0.379589	0.925149	0.32939	-0.0549942
263.83	-5.2945	0.856881	0.00119275	-0.00293003	0.37716	0.926143	0.33644	-0.041957
264.031	-5.24784	0.902361	0.00105092	-0.00260285	0.37426	0.92732	0.335283	-0.041645
264.23	-5.19923	0.945029	0.000911825	-0.00225759	0.373879	0.927474	0.329298	-0.0528624
264.43	-5.1526	0.989805	0.00076539	-0.00191045	0.370882	0.928678	0.323847	-0.0385082
264.63	-5.1063	1.03364	0.00060731	-0.00152225	0.36821	0.929741	0.328312	-0.0398194
264.83	-5.02489	1.07996	0.0004495	-0.00114131	0.362523	0.931974	0.33113	-0.0391802
265.03	-4.97744	1.12331	0.000308321	-0.000772632	0.36032	0.932828	0.317537	-0.0364267
265.23	-4.93151	1.16479	0.000148883	-0.000346241	0.35798	0.933729	0.321422	-0.049188
265.43	-4.88907	1.20229	3.18878e-05	-7.59816e-05	0.35518	0.934798	0.324803	-0.0452739
265.63	-4.84203	1.24371	5.13234e-05	-0.000105492	0.352849	0.93568	0.329981	-0.035681
265.83	-4.80618	1.28355	5.24719e-05	-0.000104561	0.351373	0.936235	0.322685	-0.0429178
266.03	-4.77804	1.32188	8.91054e-05	-0.000106626	0.350222	0.936667	0.319889	-0.0465175
266.23	-4.7426	1.35242	0.000105058	-0.000138867	0.348614	0.937267	0.323297	-0.0408515
266.43	-4.69447	1.39346	9.47982e-05	-0.000162551	0.34686	0.937917	0.320537	-0.0460313
266.63	-4.64223	1.39926	0.00010235	-0.000128299	0.347224	0.937782	0.327885	-0.0347566
266.83	-4.59377	1.44046	0.000110899	-0.000150503	0.345837	0.938295	0.328377	-0.0345241
267.031	-4.54498	1.48159	9.66351e-05	-0.000141189	0.344456	0.938803	0.32508	-0.0376855
267.23	-4.47069	1.56063	-3.59048e-06	-0.000105778	0.340753	0.940153	0.322409	-0.0357185
267.43	-4.42261	1.60036	5.74872e-05	-0.000139096	0.339321	0.94067	0.314063	-0.0280925
267.63	-4.39448	1.65254	3.76161e-05	-0.000123431	0.335191	0.94215	0.319126	-0.0402496
267.831	-4.34559	1.69194	0.000100565	-0.00013678	0.33399	0.942576	0.323938	-0.0326062
268.03	-4.29621	1.73146	9.45887e-05	-0.000117845	0.333118	0.942885	0.321698	-0.0319844
268.23	-4.23436	1.77088	9.84297e-05	-0.00013914	0.332662	0.943046	0.322577	-0.0300292
268.43	-4.18459	1.80921	8.06478e-05	-0.000139262	0.332112	0.94324	0.320316	-0.0312283
268.63	-4.13474	1.8467	7.04065e-05	-0.000133311	0.331693	0.943387	0.318202	-0.0263173
268.83	-4.09507	1.89396	6.38804e-05	-5.60118e-05	0.330105	0.943944	0.319103	-0.0385421
269.03	-4.04561	1.93293	6.85161e-05	-5.37089e-05	0.329163	0.944273	0.322353	-0.0336323
269.23	-3.99592	1.97187	1.05604e-05	-4.98554e-05	0.328451	0.944521	0.321521	-0.0313487
269.43	-3.94588	2.02669	4.79743e-06	-5.69616e-05	0.326833	0.945082	0.3108	-0.0287927
269.631	-3.89648	2.06455	8.04142e-05	-7.55378e-05	0.326465	0.945209	0.31855	-0.0372952
269.83	-3.84702	2.10263	7.78766e-05	-6.4809e-05	0.325762	0.945452	0.320495	-0.0293046
270.03	-3.79038	2.17556	3.3563e-05	-4.93147e-05	0.322743	0.946486	0.314613	-0.0433667
270.23	-3.74131	2.21284	2.88679e-05	-6.90216e-05	0.321605	0.946874	0.320799	-0.0373372
270.43	-3.69153	2.25052	7.35218e-05	-5.85289e-05	0.320893	0.947116	0.318947	-0.0314387
270.63	-3.65035	2.29623	6.89202e-05	-7.5035e-05	0.321671	0.946851	0.31279	-0.0428735
270.83	-3.6012	2.33327	7.2056e-05	-5.90324e-05	0.32072	0.947174	0.319129	-0.0335085
271.03	-3.5514	2.37035	-2.24165e-05	-3.31112e-05	0.319926	0.947442	0.31632	-0.0406599
271.23	-3.51415	2.35669	7.3023e-05	-6.08888e-05	0.324301	0.945954	0.313624	-0.0447493
271.43	-3.47755	2.38477	9.36467e-05	-0.000119325	0.323618	0.946188	0.303073	-0.0310647
271.63	-3.42865	2.42167	8.34234e-05	-0.000111289	0.323203	0.94633	0.320588	-0.031053
271.83	-3.3693	2.47437	2.59523e-05	-0.000101214	0.319057	0.947736	0.317745	-0.0401304
272.03	-3.31978	2.51133	8.84258e-05	-0.000105306	0.318555	0.947904	0.315045	-0.041935
272.23	-3.27021	2.54818	8.76292e-05	-0.000101595	0.31778	0.948165	0.313138	-0.044214
272.43	-3.22216	2.58205	8.51936e-05	-9.9524e-05	0.317276	0.948333	0.310552	-0.0335353
272.63	-3.17357	2.61799	8.99299e-05	-4.80207e-05	0.31633	0.948649	0.308354	-0.0407253
272.831	-3.12766	2.64848	7.99876e-05	-8.29042e-05	0.315763	0.948838	0.309474	-0.0429085
273.03	-3.07897	2.68412	5.84717e-06	-7.18229e-05	0.314823	0.94915	0.306689	-0.0441696
273.23	-3.03058	2.71917	7.57144e-05	-9.69848e-05	0.313795	0.949491	0.302502	-0.0494171
273.43	-2.97833	2.75851	6.83789e-05	-8.03573e-05	0.311923	0.950107	0.312811	-0.0345626
273.63	-2.929	2.79412	6.47034e-05	-7.15445e-05	0.311245	0.95033	0.30958	-0.0353749
273.83	-2.87995	2.8292	-3.99811e-06	-3.34773e-05	0.310389	0.95061	0.310854	-0.0356858
274.03	-2.85088	2.85363	7.36194e-05	2.21314e-06	0.311006	0.950408	0.277394	-0.038693
274.23	-2.80748	2.8849	-5.75496e-05	4.36378e-05	0.310145	0.950689	0.268965	-0.0333717
274.43	-2.76559	2.91496	4.29692e-05	-3.6588e-05	0.309569	0.950877	0.262223	-0.0331871
274.63	-2.70516	2.95275	5.16577e-05	-2.20412e-05	0.305657	0.952142	0.257761	-0.040605
274.83	-2.6624	2.98256	4.60817e-05	-4.51331e-06	0.305721	0.952121	0.292153	-0.0125206
275.03	-2.61677	3.01405	1.50301e-05	-7.97521e-05	0.306469	0.951881	0.256	-0.0212556
275.23	-2.57133	3.03333	4.29077e-05	-1.70338e-05	0.308804	0.951126	0.248484	-0.0261526
275.43	-2.53224	3.06119	2.25093e-05	-2.02258e-05	0.308692	0.951162	0.246708	-0.0254303
275.63	-2.53584	3.09154	3.31112e-06	-1.36157e-05	0.31079	0.950479	0.2396	-0.0259363
275.83	-2.49875	3.11818	2.17079e-05	4.61429e-05	0.310647	0.950526	0.225787	-0.0440399
276.03	-2.4635	3.14328	5.00788e-05	5.24818e-05	0.309633	0.950856	0.228359	-0.0259795
276.23	-2.40218	3.17081	3.12529e-05	4.18472e-05	0.307073	0.951686	0.224865	-0.0317998
276.43	-2.37662	3.18878	3.03068e-05	9.52266e-05	0.306249	0.951952	0.2132	-0.0346094
276.63	-2.34309	3.21203	4.33807e-05	4.49656e-05	0.305475	0.9522	0.209985	-0.0444068
276.83	-2.32375	3.23127	-6.92493e-05	0.000159687	0.305164	0.9523	0.205813	-0.0301963
277.03	-2.29164	3.25291	2.4696e-05	0.00011204	0.303969	0.952682	0.198625	-0.0377708
277.23	-2.26038	3.27404	-6.12893e-05	0.000175893	0.302546	0.953135	0.196117	-0.0327581
277.43	-2.25837	3.27726	1.55182e-05	0.000123015	0.307085	0.951682	0.190441	-0.051453
277.63	-2.22883	3.29781	-1.21154e-05	0.000163977	0.305489	0.952196	0.187467	-0.0482917
277.83	-2.20334	3.31746	3.02297e-06	0.000126405	0.304448	0.952529	0.184454	-0.0433877
278.03	-2.21751	3.33288	-7.72409e-05	0.000256628	0.30687	0.951752	0.182042	-0.0401726
278.231	-2.18941	3.35198	-2.11331e-06	0.000234483	0.306035	0.95202	0.178516	-0.0300561
278.43	-2.18061	3.36143	-4.31208e-05	0.000238081	0.306849	0.951758	0.174488	-0.0430627
278.63	-2.15398	3.37951	-5.73051e-05	0.000312758	0.305156	0.952302	0.170016	-0.0324625
278.83	-2.12741	3.39731	-3.82913e-05	0.000320518	0.304188	0.952612	0.169667	-0.0265674
279.03	-2.1067	3.41148	-1.87379e-05	0.000267222	0.304248	0.952593	0.169699	-0.0212767
279.23	-2.11391	3.42103	-8.97198e-05	0.000302848	0.307315	0.951608	0.168123	-0.0232307
279.43	-2.08844	3.43876	-0.000118658	0.000293137	0.306864	0.951753	0.159409	-0.0316573
279.63	-2.06576	3.45497	-7.8014e-05	0.000384463	0.306056	0.952013	0.161354	-0.0222758
279.831	-2.04187	3.47149	-0.000107335	0.000317692	0.305378	0.952231	0.152878	-0.044997
280.03	-2.01831	3.48708	-9.04342e-05	0.000387628	0.304214	0.952604	0.146644	-0.032813
280.23	-1.94345	3.49243	-7.74386e-05	0.000395526	0.297182	0.954821	0.152852	-0.0242872
280.43	-1.92044	3.50759	-0.000108205	0.000377767	0.296179	0.955132	0.146812	-0.0202563
280.63	-1.89783	3.52178	-8.71844e-05	0.000381826	0.295445	0.95536	0.147362	-0.0245806
280.83	-1.8645	3.54687	-0.000147732	0.000326712	0.293786	0.955871	0.138626	-0.0423077
281.031	-1.8436	3.56035	-0.00011905	0.000385777	0.2925	0.956265	0.135049	-0.0333635
281.23	-1.82316	3.57329	-0.000114272	0.000420807	0.291025	0.956716	0.132651	-0.0393894
281.43	-1.83636	3.58607	-0.000133755	0.000406973	0.293824	0.955859	0.129774	-0.0378187
281.63	-1.82116	3.59571	-0.000124701	0.000315458	0.292737	0.956193	0.128084	-0.0425964
281.83	-1.80153	3.60808	-0.000122444	0.000418264	0.291176	0.956669	0.126778	-0.0465572
282.03	-1.75628	3.62046	-0.000130636	0.000412098	0.284852	0.958572	0.121351	-0.0269986
282.23	-1.73757	3.63148	-0.000114133	0.000363468	0.28293	0.959141	0.114472	-0.0420588
282.43	-1.72568	3.63935	-0.000106412	0.000409242	0.284029	0.958816	0.115857	-0.039525
282.63	-1.70853	3.64962	-0.000162644	0.000334689	0.28276	0.95919	0.113268	-0.0524663
282.83	-1.69102	3.65998	-0.000133274	0.000462068	0.281272	0.959628	0.110968	-0.0354579
283.031	-1.57928	3.69023	-0.000138063	0.000468382	0.273648	0.96183	0.109111	-0.0244426
283.23	-1.56234	3.69965	-0.000160149	0.000450841	0.272165	0.96225	0.109444	-0.0395542
283.43	-1.53848	3.70188	-0.000157459	0.000383044	0.269172	0.963092	0.108234	-0.0394035
283.63	-1.50124	3.69361	-0.000123224	0.00043287	0.264564	0.964368	0.110888	-0.0198133
283.83	-1.48429	3.70255	-0.000142833	0.00045299	0.264211	0.964465	0.104674	-0.0143788
284.03	-1.46741	3.71149	-0.000119267	0.000378137	0.263918	0.964545	0.119836	0
284.23	-1.61322	3.72615	-0.000118141	0.000446039	0.278312	0.960491	0.102085	-0.0463141
284.43	-1.59721	3.7348	-0.000166875	0.000469478	0.27794	0.960598	0.115909	0.00805485
284.631	-1.49195	3.76641	-0.000121678	0.00042077	0.271526	0.962431	0.10613	0.0124281
284.83	-1.44723	3.782	-0.000135978	0.000302354	0.269872	0.962896	0.119412	0
285.03	-1.42391	3.79495	-7.39084e-05	0.000166379	0.271162	0.962534	0.165092	-0.0429368
285.23	-1.39282	3.81243	9.47523e-06	5.4695e-05	0.270457	0.962732	0.180273	-0.0427928
285.43	-1.36188	3.84196	2.67944e-05	8.39193e-05	0.268958	0.963152	0.208216	-0.0498835
285.63	-1.32182	3.86499	5.27632e-05	9.36715e-06	0.267268	0.963622	0.245174	-0.0688086
285.83	-1.28422	3.89213	9.94631e-06	-3.02363e-05	0.267051	0.963682	0.28262	-0.0876893
286.03	-1.23717	3.91902	4.52121e-05	-1.14105e-05	0.264577	0.964364	0.278443	-0.0785031
286.23	-1.19185	3.94462	-1.34882e-05	1.60557e-05	0.262178	0.965019	0.232131	-0.0688728
286.431	-1.13458	3.96286	4.46151e-05	-5.15138e-05	0.256557	0.966529	0.273632	-0.0799769
286.63	-1.0986	3.98216	6.56354e-05	-4.89364e-06	0.254753	0.967006	0.280856	-0.0764918
286.83	-1.04991	4.00826	4.34729e-05	-2.32874e-05	0.252658	0.967556	0.280974	-0.0795526
287.03	-1.11011	4.02061	6.40122e-05	1.1616e-05	0.258886	0.965908	0.281409	-0.0769709
287.23	-1.06118	4.04677	5.90883e-05	-8.5469e-06	0.256863	0.966448	0.285371	-0.0786819
287.43	-1.01234	4.07243	6.40817e-05	-1.22169e-05	0.254966	0.96695	0.283796	-0.0751688
287.63	-0.960551	4.08862	-1.03944e-06	-1.6712e-05	0.250625	0.968084	0.27931	-0.0725316
287.83	-0.911341	4.11216	5.38359e-05	-1.11908e-05	0.249105	0.968477	0.286004	-0.0831015
288.03	-0.856333	4.14136	2.21262e-05	-2.5017e-05	0.246533	0.969134	0.280333	-0.0776909
288.23	-0.738836	4.20535	5.53674e-05	-1.0969e-05	0.24004	0.970763	0.282744	-0.0822255
288.43	-0.689722	4.22895	-7.48585e-06	9.13572e-06	0.238256	0.971203	0.281004	-0.0833639
288.63	-0.638288	4.24383	-1.19119e-05	-1.25283e-05	0.235065	0.97198	0.284347	-0.0865293
288.83	-0.588797	4.26796	6.16684e-05	-2.6713e-06	0.233037	0.972468	0.283877	-0.089218
289.03	-0.53923	4.29122	6.00405e-05	-1.80101e-05	0.231081	0.972934	0.286573	-0.0896843
289.23	-0.474158	4.30395	9.20904e-06	-5.0589e-05	0.228907	0.973448	0.289349	-0.0907455
289.43	-0.400043	4.32338	-1.22335e-05	-2.6735e-05	0.226287	0.974061	0.285916	-0.0916536
289.63	-0.349867	4.34676	3.11477e-05	-5.90857e-05	0.224066	0.974574	0.288484	-0.0932817
289.83	-0.348806	4.382	6.54205e-05	-7.74537e-05	0.221171	0.975235	0.287263	-0.0924706
290.03	-0.298284	4.40489	-6.28323e-06	-1.98853e-05	0.2189	0.975747	0.288875	-0.088404
290.23	-0.247573	4.42739	-1.66334e-05	-2.6877e-05	0.216844	0.976206	0.286996	-0.0895213
290.43	-0.201713	4.44497	6.03709e-05	-6.7566e-05	0.21711	0.976147	0.285064	-0.088376
290.63	-0.150847	4.46707	6.68346e-05	-8.02005e-05	0.215123	0.976587	0.287513	-0.0913428
290.83	-0.0997335	4.4893	5.11145e-05	-4.85904e-05	0.213109	0.977028	0.285974	-0.0914444
291.03	-0.0187266	4.50387	-1.17906e-05	-4.57247e-05	0.209811	0.977742	0.288052	-0.0878167
291.23	0.0324241	4.52542	4.79492e-05	-3.88143e-05	0.207894	0.978151	0.285722	-0.094136
291.43	0.0835257	4.54676	4.33258e-05	-5.07273e-05	0.20597	0.978558	0.285212	-0.0897206
291.63	0.114432	4.57562	7.70413e-05	-5.84009e-05	0.204889	0.978785	0.28468	-0.0864166
291.83	0.152932	4.59073	-2.52022e-06	-3.90855e-06	0.203788	0.979015	0.283148	-0.0837297
292.03	0.204318	4.61145	7.09783e-05	9.15349e-06	0.202799	0.97922	0.286104	-0.0826451
292.23	0.26074	4.62527	2.56897e-05	-2.45338e-05	0.201966	0.979392	0.285897	-0.0869916
292.43	0.313297	4.64338	5.60745e-05	-1.26335e-05	0.200702	0.979652	0.285636	-0.0828333
292.63	0.367085	4.66	-3.66627e-05	1.66646e-05	0.199333	0.979932	0.285907	-0.083001
292.83	0.406345	4.67549	4.81015e-05	-3.14303e-05	0.197248	0.980354	0.280966	-0.0736307
293.03	0.459953	4.68786	6.65162e-05	3.14343e-06	0.19607	0.98059	0.272857	-0.0659108
293.23	0.541556	4.69635	4.79347e-05	-1.62793e-05	0.195073	0.980789	0.27432	-0.0622006
293.43	0.59543	4.7097	-2.17237e-05	3.31093e-05	0.193196	0.98116	0.270891	-0.0621293
293.63	0.6493	4.72034	6.66396e-05	6.99096e-07	0.191175	0.981556	0.2701	-0.0641605
293.83	0.694372	4.73126	3.73062e-05	-1.00413e-05	0.1886	0.982054	0.272654	-0.0653421
294.03	0.746852	4.74606	5.70744e-05	-7.92894e-06	0.18767	0.982232	0.281091	-0.0772994
294.23	0.79913	4.76454	-3.25195e-05	1.30349e-05	0.186994	0.982361	0.278793	-0.0751052
294.43	0.819373	4.77691	4.55291e-05	-4.96611e-05	0.186893	0.98238	0.281322	-0.0722774
294.63	0.858302	4.79355	5.91956e-05	-3.65558e-05	0.186426	0.982469	0.283711	-0.0781929
294.83	0.909764	4.8126	1.48756e-05	-2.97555e-05	0.185451	0.982653	0.287315	-0.0778727
295.03	0.973621	4.82888	3.33871e-07	-3.69173e-05	0.184321	0.982866	0.286953	-0.0817195
295.23	0.995524	4.83634	-5.77568e-05	0.000354794	0.182538	0.983199	0.0520071	-0.111596
295.43	1.01374	4.84266	-2.13058e-05	0.000257848	0.176521	0.984297	0.128972	-0.101108
295.63	1.06014	4.85075	-3.6e-05	0.000309002	0.171243	0.985229	0.139384	-0.0921397
295.83	1.08558	4.85857	4.17632e-06	0.000172868	0.166961	0.985964	0.183473	-0.0780472
296.03	1.1201	4.86759	-1.54201e-05	6.11858e-05	0.1658	0.986159	0.240407	-0.0849329
296.23	1.15743	4.87874	4.79879e-05	-5.67292e-05	0.167664	0.985844	0.286665	-0.0782794
296.43	1.19021	4.88835	-3.07957e-07	0.000249148	0.166254	0.986083	0.122162	-0.101186
296.63	1.22253	4.89764	-6.22997e-06	8.42196e-05	0.162985	0.986628	0.211916	-0.0846535
296.83	1.24632	4.90742	3.17332e-05	-4.40381e-05	0.160592	0.987021	0.285826	-0.0830484
297.03	1.2973	4.9223	2.60726e-05	-1.49413e-06	0.159571	0.987186	0.287768	-0.0859503
297.23	1.35049	4.93753	2.51194e-05	-3.43594e-05	0.158575	0.987347	0.287707	-0.0850603
297.43	1.40078	4.95687	6.21512e-05	-8.63994e-05	0.155547	0.987828	0.275883	-0.0925571
297.63	1.45104	4.97059	5.33983e-05	-5.73003e-05	0.153974	0.988075	0.269674	-0.0883596
297.83	1.51834	4.98023	5.19164e-05	-3.19526e-05	0.154239	0.988033	0.283902	-0.0874498
298.03	1.57311	4.99233	3.09842e-05	1.1598e-05	0.152483	0.988306	0.263236	-0.0897282
298.23	1.62331	5.00533	8.53141e-05	-5.36572e-05	0.150532	0.988605	0.287867	-0.100654
298.43	1.69204	4.9827	6.50374e-05	-7.27324e-05	0.153266	0.988185	0.29022	-0.10602
298.63	1.74509	4.99677	4.29631e-05	-8.47204e-05	0.150996	0.988534	0.278818	-0.104657
298.83	1.7987	5.01178	2.53019e-05	-6.03866e-05	0.148592	0.988899	0.285366	-0.109174
299.03	1.828	5.05079	5.87933e-05	-7.42415e-05	0.145876	0.989303	0.281225	-0.10953
299.23	1.87922	5.06336	6.13123e-05	-7.34569e-05	0.142884	0.989739	0.259111	-0.100313
299.43	1.91644	5.07146	-1.12665e-05	6.74193e-05	0.140457	0.990087	0.222249	-0.103213
299.63	1.98744	5.06752	4.47999e-05	2.21999e-05	0.137211	0.990542	0.259866	-0.115708
299.83	2.05223	5.07026	3.96011e-05	3.82331e-05	0.133816	0.991006	0.246436	-0.112583
300.03	2.09913	5.08112	3.67293e-05	4.69559e-05	0.129904	0.991527	0.254666	-0.109161
300.23	2.13898	5.08697	-3.17669e-05	0.000103781	0.126791	0.99193	0.233599	-0.0940129
300.43	2.1837	5.09324	4.26655e-05	1.82094e-05	0.122945	0.992414	0.265714	-0.154109
300.63	2.23042	5.1014	4.53825e-05	7.70316e-05	0.117323	0.993094	0.240848	-0.136059
300.83	2.23929	5.14192	4.02784e-05	2.36942e-05	0.110753	0.993848	0.245515	-0.143644
301.03	2.28387	5.14937	-4.02402e-06	3.55997e-05	0.104494	0.994525	0.211919	-0.132692
301.231	2.32959	5.15688	4.76174e-05	-3.37874e-05	0.097496	0.995236	0.252492	-0.16384
301.43	2.41296	5.12803	1.8592e-05	6.75766e-05	0.0925218	0.995711	0.24928	-0.158458
301.63	2.46123	5.13539	4.84755e-05	-8.15775e-05	0.0847847	0.996399	0.276686	-0.184171
301.83	2.51445	5.14275	-3.05619e-05	2.60224e-05	0.0761664	0.997095	0.240583	-0.155266
302.03	2.54904	5.14795	4.44335e-05	1.42704e-05	0.0694087	0.997588	0.224408	-0.15008
302.23	2.59423	5.15322	-5.71257e-05	5.38321e-05	0.0603776	0.998176	0.224493	-0.148506
302.43	2.63901	5.15733	4.78199e-05	-2.77222e-05	0.0519331	0.998651	0.249861	-0.172248
302.63	2.69454	5.16448	4.24349e-05	-3.26882e-05	0.0404404	0.999182	0.269964	-0.185963
302.83	2.75131	5.16824	4.4201e-05	-8.01881e-05	0.0293096	0.99957	0.317881	-0.225339
303.03	2.81419	5.17033	2.60916e-05	-0.000104046	0.0165917	0.999862	0.327805	-0.23532
303.23	2.87319	5.17002	3.11339e-05	-0.000196065	0.00188185	0.999998	0.306187	-0.221124
303.43	2.9384	5.16803	4.46185e-05	-0.000332845	-0.0135103	0.999909	0.319381	-0.236844
303.63	2.97568	5.16635	6.29287e-05	8.07416e-05	-0.0239347	0.999714	0.25314	-0.195107
303.83	3.01671	5.16232	7.44481e-05	-9.44503e-05	-0.0351343	0.999383	0.277286	-0.212045
304.03	3.07098	5.15807	7.45449e-05	-0.000181023	-0.0513614	0.99868	0.304863	-0.235413
304.23	3.13385	5.15077	0.000103077	-0.000314244	-0.0705145	0.997511	0.356411	-0.280785
304.43	3.20712	5.14333	8.93601e-05	-0.000686944	-0.0959767	0.995383	0.358501	-0.285272
304.631	3.25556	5.13368	8.78506e-05	-0.000727488	-0.113232	0.993568	0.347508	-0.28014
304.83	3.32027	5.1182	9.4305e-05	-0.000863695	-0.137596	0.990488	0.330071	-0.266993
305.03	3.3712	5.09695	0.000102948	-0.000796977	-0.15928	0.987233	0.340227	-0.273204
305.23	3.43208	5.07659	0.000113065	-0.000672748	-0.185109	0.982718	0.326825	-0.263941
305.43	3.49148	5.05325	0.000140884	-0.000470532	-0.211036	0.977478	0.318096	-0.254779
305.63	3.56401	5.0349	0.000128444	-0.000201652	-0.23811	0.971238	0.311898	-0.249703
305.83	3.61694	5.00721	0.000103198	-0.000128181	-0.261853	0.965108	0.305417	-0.246617
306.03	3.66594	4.97731	7.61882e-05	-9.05922e-05	-0.283994	0.958826	0.310516	-0.248741
306.23	3.70813	4.94291	7.26969e-05	-7.67499e-05	-0.303768	0.952746	0.302253	-0.24046
306.43	3.75458	4.90959	7.50885e-05	-2.00649e-05	-0.324089	0.946027	0.289501	-0.233245
306.63	3.79917	4.85997	7.47893e-05	0.000210795	-0.334901	0.942253	0.0155056	-0.113047
306.83	3.85774	4.78911	6.55693e-05	0.000269548	-0.348526	0.937299	0.0219772	-0.101241
307.03	3.85992	4.78791	0.00011049	0.000221969	-0.354159	0.935185	0.0188463	-0.101177
307.23	3.86184	4.78649	0.000120993	0.000185415	-0.361197	0.93249	0.0131369	-0.104426
307.43	3.86116	4.79624	0.0001111	0.00014512	-0.372066	0.928206	0.0102582	-0.109317
307.63	3.8627	4.79507	0.000112467	0.000115783	-0.380307	0.92486	0.00592606	-0.113178
307.83	3.86391	4.79412	0.000124203	0.00015598	-0.388696	0.921366	0.0129527	-0.109449
308.03	3.8668	4.78057	0.000112071	0.000125221	-0.397819	0.917464	0.0128665	-0.114902
308.23	3.86793	4.77975	0.000117663	0.000139002	-0.406297	0.913741	0.00971815	-0.114176
308.43	3.86914	4.77901	0.000114474	0.000117201	-0.414424	0.910084	0.00953078	-0.108621
308.63	3.87114	4.77982	0.000111219	0.000117543	-0.422653	0.906291	0.0097202	-0.11239
308.83	3.87263	4.77836	0.000143717	0.000202951	-0.43049	0.902595	0.0157996	-0.104896
309.03	3.87577	4.77719	8.28753e-05	0.000246577	-0.438283	0.898837	0.0156579	-0.105847
309.23	3.88169	4.77512	9.17874e-05	0.000261307	-0.446341	0.894863	0.0165158	-0.108886
309.43	3.88289	4.7738	7.66295e-05	0.000237719	-0.45425	0.890874	0.00966354	-0.115103
309.63	3.87974	4.77255	0.000121647	0.000143927	-0.459774	0.888036	0.00802262	-0.111883
309.83	3.88081	4.77151	0.000135107	0.000138655	-0.46792	0.883771	0.0104282	-0.109814
310.03	3.88191	4.7704	0.000127891	0.000136899	-0.475925	0.879486	0.00802464	-0.10819
310.23	3.8858	4.76918	9.65587e-05	0.000207534	-0.484341	0.87488	0.00484453	-0.10183
310.43	3.88758	4.7682	0.000147292	0.000142502	-0.492285	0.870434	0.00728205	-0.113122
310.63	3.88889	4.76672	0.000105758	0.000255578	-0.500439	0.865772	0.0161096	-0.114398
310.83	3.88712	4.76545	0.000103746	0.000226959	-0.507271	0.861787	0.00727005	-0.104623
311.03	3.88791	4.76472	0.000128307	0.00018018	-0.514942	0.857225	0.00717789	-0.113224
311.23	3.88992	4.76296	0.000134458	0.000114769	-0.523053	0.8523	0.00752616	-0.111862
311.43	3.89548	4.75867	0.000161375	0.000225831	-0.531463	0.847081	0.0157661	-0.113715
311.63	3.89674	4.7567	0.000164796	0.000159642	-0.539222	0.842164	0.0085164	-0.111993
311.83	3.89415	4.75598	0.000148189	0.000112693	-0.546792	0.837268	0.00936578	-0.114071
312.03	3.89051	4.75475	0.000179338	0.000178172	-0.554134	0.832427	0.0128694	-0.115396
312.23	3.89104	4.75417	0.000139939	0.000136997	-0.559758	0.828656	0.00938038	-0.112965
312.43	3.89201	4.75269	0.000177228	0.000156802	-0.567383	0.823454	0.0118758	-0.106093
312.63	3.89412	4.75093	0.000202795	0.000232276	-0.574337	0.818619	0.0127617	-0.110896
312.83	3.89491	4.74914	0.000150567	0.000141252	-0.581238	0.813733	0.00814338	-0.104181
313.03	3.89576	4.74766	0.000160294	0.000161462	-0.588029	0.80884	0.0128967	-0.106843
313.231	3.89141	4.74795	0.00012705	0.000201681	-0.592955	0.805235	0	-0.114921
313.43	3.89185	4.74714	0.000164914	0.000137664	-0.600448	0.799663	0.00477177	-0.112093
313.63	3.88873	4.74701	0.000173464	0.000146963	-0.608333	0.793682	0.0113696	-0.105826
313.83	3.88946	4.74573	0.000182105	0.00013684	-0.615442	0.788182	0.00496956	-0.112395
314.03	3.89005	4.74451	0.000197989	0.000161886	-0.62268	0.782477	0.00760816	-0.1129
314.23	3.88573	4.74474	0.000187553	0.000138709	-0.629764	0.776787	0.011142	-0.102044
314.43	3.88624	4.744	0.000154526	0.000204106	-0.636987	0.770874	0.00685595	-0.111726
314.63	3.88664	4.7434	0.000168482	0.000118899	-0.643951	0.765067	0.0045162	-0.101544
314.83	3.8921	4.74309	0.000138761	0.000215429	-0.649471	0.760386	0.00453745	-0.110139
315.031	3.89235	4.74264	0.000215926	0.000151767	-0.655912	0.754837	0.00230128	-0.110707
315.23	3.89268	4.74204	0.000197088	0.000134069	-0.66264	0.748938	0.00901982	-0.107007
315.43	3.89944	4.74061	0.000189053	0.000114384	-0.670449	0.741955	0.00446275	-0.101528
315.63	3.89972	4.74026	0.000196322	0.000142428	-0.677301	0.735706	0.00883355	-0.102626
315.83	3.90002	4.73952	0.000178782	0.00011832	-0.683908	0.729569	0.00445124	-0.113993
316.03	3.89921	4.73721	0.000173742	0.00015256	-0.690936	0.722916	0.00464805	-0.111908
316.23	3.89955	4.73671	0.000184405	0.00015617	-0.697523	0.716563	0.00692329	-0.111139
316.43	3.89994	4.73635	0.00018549	0.000121729	-0.70418	0.710021	0.00435627	-0.103643
316.63	3.90304	4.73405	0.000197979	0.000108948	-0.711763	0.702419	0.00417268	-0.101413
316.83	3.90325	4.73375	0.000192442	0.00010863	-0.717868	0.696179	0.00419269	-0.10078
317.03	3.90353	4.73223	0.000223839	0.000132438	-0.724121	0.689673	0.00996233	-0.100537
317.23	3.90709	4.72974	0.000174201	0.000222841	-0.729474	0.684009	0.0045358	-0.115578
317.43	3.90728	4.72877	0.000191856	0.000192576	-0.735574	0.677444	0.00749873	-0.0999547
317.63	3.90741	4.72782	0.000243154	0.000146541	-0.741549	0.670898	0.00671845	-0.111256
317.83	3.90802	4.73021	0.000180325	0.000170455	-0.747485	0.664278	0.00215578	-0.103164
318.03	3.90848	4.73093	0.000202579	9.95026e-05	-0.753576	0.65736	0.00422789	-0.101759
318.23	3.90883	4.73068	0.000211506	9.22563e-05	-0.759761	0.650202	0.00214949	-0.104108
318.43	3.90993	4.73009	0.000199499	0.000105457	-0.765806	0.643072	0.00429734	-0.105833
318.63	3.91023	4.72966	0.000193758	0.000170902	-0.771783	0.635887	0.00225295	-0.112677
318.83	3.91032	4.72863	0.000269814	0.000150206	-0.777457	0.628936	0.0117522	-0.101357
319.03	3.89651	4.72974	0.000192399	0.000191584	-0.783472	0.621427	0.00214587	-0.11322
319.23	3.89674	4.72943	0.00018446	0.000195565	-0.789198	0.614139	0.00431564	-0.101472
319.43	3.89696	4.72912	0.000225399	8.64467e-05	-0.794703	0.606999	0.00439487	-0.101425
319.631	3.90613	4.72734	0.000243989	0.000109703	-0.800534	0.599288	0.00972499	-0.113299
319.83	3.90643	4.72712	0.000214777	8.47102e-05	-0.80469	0.593695	0.00213044	-0.114643
320.03	3.9067	4.72658	0.000214558	0.000104078	-0.810302	0.586013	0.00248045	-0.111259
320.23	3.90354	4.72711	0.000206535	0.000123882	-0.815417	0.578873	0.00247691	-0.109157
320.43	3.90262	4.72753	0.000213623	7.67436e-05	-0.820649	0.571432	0.00209875	-0.112698
320.63	3.90293	4.72747	0.000220854	6.94822e-05	-0.826233	0.563329	0.00629359	-0.103206
320.83	3.90721	4.72537	0.000248247	9.76782e-05	-0.831674	0.555264	0.0109625	-0.105193
321.03	3.90758	4.72478	0.000233699	7.97569e-05	-0.836795	0.547517	0.00218883	-0.101243
321.23	3.90788	4.72456	0.000218982	7.22943e-05	-0.841813	0.53977	0.0042636	-0.10944
321.43	3.91306	4.7251	0.000207201	8.21565e-05	-0.846517	0.532362	0.00212018	-0.110249
321.63	3.91338	4.72476	0.000211403	7.71329e-05	-0.851471	0.524402	0.00217145	-0.109599
321.83	3.91371	4.72448	0.000205421	0.000137243	-0.856213	0.516623	0.00212103	-0.106439
322.03	3.91663	4.72143	0.000199835	0.000115119	-0.860982	0.508635	0.002159	-0.103113
322.23	3.9169	4.7212	0.000217612	6.54672e-05	-0.865694	0.500573	0.00211137	-0.102715
322.43	3.91716	4.72109	-0.000208747	-0.000151054	0.869274	-0.49433	0.00212171	-0.11563
322.63	3.91652	4.72102	-0.000216267	-5.90179e-05	0.874229	-0.485514	0.00212153	-0.099957
322.83	3.91637	4.72097	-0.000205173	-4.43832e-05	0.878969	-0.476879	0.00212807	-0.104758
323.03	3.91664	4.7207	-0.00021162	-5.49857e-05	0.88347	-0.468488	0.00212408	-0.107362
323.23	3.90683	4.72266	-0.000208725	-0.000100724	0.88742	-0.460961	0.00205749	-0.111983
323.43	3.90569	4.72269	-0.000210604	-4.6679e-05	0.891682	-0.452662	0	-0.110922
323.63	3.90601	4.7225	-0.000209453	-0.00010747	0.895894	-0.444267	0	-0.112002
323.83	3.91365	4.72217	-0.000214235	-0.000124792	0.900286	-0.435299	0	-0.108963
324.03	3.91385	4.72206	-0.000253031	-9.18203e-05	0.904174	-0.427164	0	-0.108781
324.23	3.9139	4.72165	-0.000220135	-5.48246e-05	0.908283	-0.418356	0.00215022	-0.109428
324.43	3.90867	4.72242	-0.000208659	-3.17565e-05	0.911918	-0.410373	0	-0.104178
324.63	3.90911	4.72234	-0.000206496	-2.75829e-05	0.915727	-0.4018	0	-0.101355
324.831	3.9095	4.72226	-0.000200701	-2.1715e-05	0.91949	-0.393112	0	-0.111259
325.03	3.90867	4.72183	-0.000199915	-4.51197e-05	0.922402	-0.38623	0	-0.112002
325.23	3.90829	4.72153	-0.00022055	-8.41946e-05	0.926116	-0.377238	0	-0.101579
325.43	3.9087	4.72156	-0.000200052	-4.75919e-05	0.929697	-0.368324	0	-0.106217
325.63	3.91489	4.7221	-0.000215917	-2.04892e-05	0.933164	-0.35945	0	-0.11037
325.831	3.91642	4.72208	-0.00022792	-2.1552e-05	0.936635	-0.350307	0.00210564	-0.102206
326.03	3.9173	4.72212	-0.000146612	9.12889e-06	0.944884	-0.327406	0	-0.418039
326.23	3.9252	4.71997	-0.000187641	-1.87639e-05	0.958654	-0.284574	0	-0.573342
326.43	3.92707	4.71958	-0.000167833	-1.4376e-05	0.971445	-0.237264	0.00688484	-0.561907
326.63	3.92866	4.71944	-0.000160259	2.80583e-05	0.981729	-0.190285	0	-0.548488
326.83	3.9258	4.71896	-0.000171623	2.43921e-05	0.988806	-0.149205	0	-0.538846
335.08	3.93952	4.70933	-0.000593042	-0.000169427	0.995016	-0.0997123	0	0.702834
335.28	3.91376	4.71815	-0.000566031	-0.000116314	0.989726	-0.142976	0.0101792	0.208785
335.48	3.91378	4.71893	-0.000511616	-0.000129527	0.987374	-0.158406	0.00419116	0.177247
335.68	3.91348	4.71945	-0.000499885	-0.000125518	0.985064	-0.172186	0.0131029	0.180068
335.88	3.91242	4.71979	-0.000483356	-0.000144654	0.982715	-0.185126	0.00210192	0.189885
336.08	3.92439	4.71964	-0.000524227	-0.00017035	0.980205	-0.197985	0.00981255	0.186099
336.28	3.92293	4.71975	-0.000525184	-0.000158351	0.977667	-0.210161	0.0121035	0.170784
336.48	3.92158	4.72001	-0.000547337	-0.000199917	0.975137	-0.221601	0.00908791	0.170293
336.68	3.91547	4.72009	-0.000575138	-0.000227285	0.972655	-0.232254	0.00960529	0.172771
336.88	3.91427	4.72043	-0.000391007	-0.00019546	0.969923	-0.243411	0.00694657	0.165796
337.08	3.91618	4.72076	-0.000457961	-0.000189723	0.96693	-0.255041	0.00979418	0.173042
337.28	3.92163	4.7213	-0.00041249	-0.00024104	0.963905	-0.266244	0.00964107	0.167717
337.48	3.92045	4.7213	-0.00047537	-0.000213989	0.960976	-0.27663	0.0111221	0.14191
337.68	3.91976	4.72137	-0.000488371	-0.000218434	0.958698	-0.284424	0.00908807	0.149861
337.88	3.90674	4.72011	-0.000476173	-0.000243367	0.955528	-0.294898	0.00959587	0.163963
338.08	3.90547	4.72028	-0.00035746	-0.000227748	0.952192	-0.3055	0.00459441	0.142718
338.28	3.90461	4.7203	-0.000377478	-0.00021605	0.948894	-0.315593	0.00929499	0.166086
338.48	3.91247	4.71838	-0.000356163	-0.000244795	0.945434	-0.325814	0.00944411	0.146304
338.68	3.911	4.71813	-0.000432395	-0.000209634	0.94204	-0.335501	0.00506058	0.139422
338.88	3.91707	4.71967	-0.000474036	-0.000259672	0.938706	-0.344719	0.0121287	0.141176
339.08	3.91573	4.7193	-0.000489889	-0.000294501	0.934975	-0.354714	0.00967907	0.147435
339.28	3.91454	4.7191	-0.000419889	-0.000259207	0.931408	-0.363977	0.0115424	0.135851
339.48	3.91029	4.71497	-0.000409333	-0.00030027	0.928079	-0.372383	0.0101573	0.146063
339.68	3.90914	4.71463	-0.000392807	-0.000276647	0.924323	-0.381611	0.00484042	0.121847
339.88	3.90194	4.71615	-0.000431388	-0.000304118	0.920434	-0.390899	0.00961215	0.152286
340.08	3.8922	4.71819	-0.000434211	-0.000293146	0.916409	-0.400242	0.00726419	0.135369
340.28	3.89142	4.71786	-0.000401886	-0.000246979	0.913765	-0.406242	0.00716828	0.137854
340.481	3.89039	4.71746	-0.000444692	-0.000299333	0.909792	-0.415065	0.00717985	0.133326
340.68	3.88871	4.71825	-0.000362409	-0.000286213	0.905358	-0.424649	0.00459391	0.116177
340.88	3.88795	4.71814	-0.000215598	-0.000122436	0.901615	-0.432539	0.00890628	0.125585
341.08	3.8869	4.71755	-0.000353829	-0.000310887	0.897669	-0.44067	0.00957467	0.128165
341.28	3.88513	4.71703	-0.000363863	-0.000332851	0.893763	-0.44854	0.00953588	0.123785
341.48	3.88429	4.71677	-0.000277706	-0.000163345	0.889845	-0.456263	0.00647043	0.123182
341.68	3.88556	4.71654	-0.000288538	-0.000243222	0.885941	-0.463798	0.00437637	0.109679
341.88	3.89854	4.71487	-0.000260936	-0.000152712	0.88192	-0.471399	0.00961227	0.119154
342.08	3.89742	4.71396	-0.000331605	-0.000235159	0.877879	-0.478882	0.00735137	0.120821
342.28	3.89227	4.71323	-0.000210754	-9.97711e-05	0.873913	-0.486082	0.0111292	0.105719
342.48	3.8842	4.71199	-0.000175692	-8.86494e-05	0.869825	-0.49336	0.00496043	0.104279
342.68	3.8834	4.71134	0.000268905	0.000302331	-0.865863	0.50028	0.0114058	0.107421
342.88	3.88282	4.71102	0.000251255	0.000164759	-0.862723	0.505677	0.00699703	0.114554
343.08	3.8843	4.7107	0.000204526	0.0002249	-0.858962	0.512039	0.00232573	0.111378
343.28	3.88379	4.71073	0.000193495	0.000218811	-0.855043	0.518557	0.00220316	0.112056
343.48	3.88333	4.71087	0.000172332	0.000118371	-0.85112	0.524971	0.00426134	0.100137
343.68	3.87555	4.71028	0.000161016	0.000127361	-0.847072	0.531478	0.007212	0.10412
343.88	3.87479	4.70964	0.000168785	7.6592e-05	-0.842531	0.538647	0.00234946	0.103608
344.08	3.87419	4.70988	0.000176349	8.158e-05	-0.83749	0.546453	0.00840398	0.112766
344.28	3.8726	4.71311	0.000172198	0.000102828	-0.832789	0.553591	0.00657543	0.115034
344.48	3.87193	4.71238	0.000179673	0.000169303	-0.828466	0.560039	0.00705887	0.115286
344.68	3.88113	4.70998	0.000130712	7.88599e-05	-0.824254	0.56622	0	0.114917
344.88	3.88057	4.70955	0.000167497	8.63491e-05	-0.819727	0.572755	0.00697014	0.119963
345.08	3.88009	4.70926	0.000155285	0.000110149	-0.815068	0.579366	0	0.106048
345.28	3.88017	4.7098	0.00014377	0.000103927	-0.811237	0.584718	0.00642693	0.11045
345.48	3.87974	4.70952	0.00012316	6.73143e-05	-0.806753	0.590889	0.00618092	0.10031
345.68	3.87929	4.70911	0.000149915	7.09898e-05	-0.802435	0.59674	0	0.11361
345.88	3.89289	4.70751	0.000134141	0.000126029	-0.799067	0.601242	0	0.109092
