time	x	y	orientation_x	orientation_y	orientation_z	orientation_w	linear_vel	angular_vel	controller_flag
224.48	-8.99383	-8.89977	0.00209305	-0.00323588	0.643776	0.765204	0.8	-1.5	1
224.699	-8.9528	-8.75105	0.00467917	-0.00738902	0.554793	0.831942	0.8	-1.5	1
224.875	-8.89198	-8.66058	0.00575417	-0.0107386	0.479468	0.877475	0	0	1
225.133	-8.79167	-8.54531	0.00847974	-0.0117366	0.572008	0.82012	0.8	1.5	1
225.337	-8.74661	-8.38765	0.0105576	-0.0156329	0.56835	0.822571	0.8	-1.5	1
225.537	-8.73028	-8.34251	0.0101842	-0.016221	0.53832	0.842523	0.8	-1.5	1
225.737	-8.67808	-8.17313	0.0113393	-0.0201835	0.48599	0.873658	0.8	1.5	1
225.936	-8.60674	-8.02738	0.0157022	-0.0217495	0.577151	0.816197	0.8	0.500662	1
226.139	-8.54592	-7.89839	0.0175293	-0.0257721	0.570334	0.820821	0.8	-1.5	1
226.339	-8.49591	-7.78705	0.0166978	-0.0293083	0.496029	0.867651	0.377487	-0.437364	2
226.539	-8.4563	-7.72246	0.0153264	-0.0303241	0.453941	0.890384	0.441729	-0.766418	2
226.74	-8.40604	-7.65807	0.0136865	-0.0317714	0.399117	0.916247	0.438186	-0.569841	2
226.939	-8.34783	-7.59926	0.0124632	-0.0327163	0.361084	0.931876	0.377719	-0.297926	2
227.139	-8.28306	-7.56133	0.0118002	-0.0328412	0.34322	0.938607	0.31506	-0.123678	2
227.339	-8.23745	-7.52352	0.0114176	-0.0321629	0.338954	0.940184	0.251407	0.111794	2
227.539	-8.20793	-7.4848	0.0114648	-0.0306065	0.351609	0.935576	0	0.8	3
227.739	-8.20955	-7.4775	0.0121659	-0.0266087	0.407559	0.91271	0	0.8	3
227.939	-8.20317	-7.47074	0.012045	-0.0236128	0.453911	0.890653	0.292186	-0.2232	2
228.139	-8.18915	-7.45197	0.0116018	-0.0220385	0.465693	0.884596	0	0.8	3
228.339	-8.1895	-7.43939	0.0111991	-0.0188793	0.510814	0.859411	0.141234	0.53369	2
228.539	-8.17476	-7.41077	0.0107871	-0.0167634	0.541023	0.840771	0.178224	0.49699	2
228.739	-8.16488	-7.38917	0.0101169	-0.0142818	0.577869	0.815942	0	0.8	3
228.939	-8.16574	-7.38289	0.00882747	-0.0109645	0.626779	0.77907	0	0.8	3
229.139	-8.16412	-7.38109	0.00720327	-0.00788723	0.67371	0.738918	0	0.8	3
229.339	-8.17342	-7.36285	0.00524732	-0.00511008	0.715474	0.698601	0	0.8	3
229.539	-8.17509	-7.34172	0.00382117	-0.00331098	0.745561	0.666419	0	0.8	3
229.739	-8.16244	-7.33134	0.00205568	-0.00196453	0.762242	0.647286	0.214911	-0.296179	2
229.939	-8.16501	-7.30975	0.000577705	-0.000307134	0.77687	0.629661	0	0.8	3
230.139	-8.17001	-7.28779	0.000337886	-0.000221076	0.790106	0.61297	0.217825	-0.36106	2
230.339	-8.17334	-7.25257	0.000260746	-0.00024419	0.778213	0.628	0.214108	-0.246907	2
230.539	-8.18049	-7.21241	0.000306956	-0.000232097	0.768986	0.639266	0.21667	-0.341166	2
230.739	-8.18514	-7.1816	0.000301756	-0.00023595	0.757364	0.652993	0.228974	-0.464521	2
230.939	-8.20191	-7.13515	0.000352462	-0.000291403	0.736856	0.67605	0.222438	-0.415314	2
231.139	-8.20416	-7.09263	0.000346782	-0.000267384	0.717045	0.697027	0.232403	-0.484289	2
231.339	-8.20384	-7.04891	0.000314289	-0.000257248	0.694652	0.719346	0.225804	-0.443084	2
231.539	-8.1989	-7.007	0.000292449	-0.000251088	0.673537	0.739153	0.22012	-0.391454	2
231.74	-8.19425	-6.96518	0.00030952	-0.000307242	0.652443	0.757837	0.22372	-0.426664	2
231.939	-8.18723	-6.92321	0.000290203	-0.000323571	0.628947	0.777448	0.22614	-0.445532	2
232.139	-8.17833	-6.87536	0.000286958	-0.000374143	0.60201	0.798488	0.242954	-0.820552	2
232.339	-8.16452	-6.83292	0.00019041	-0.00034231	0.560618	0.828074	0.230514	-0.435423	2
232.539	-8.14834	-6.79272	0.000213716	-0.00032535	0.534222	0.845344	0.229329	-0.261032	2
232.739	-8.1433	-6.74372	0.000180227	-0.00031387	0.514896	0.857252	0.228775	-0.203411	2
232.939	-8.12351	-6.70549	0.000232065	-0.000311274	0.498202	0.867061	0.227277	-0.167855	2
233.139	-8.10762	-6.67738	0.000139855	-0.000229705	0.488342	0.872652	0.22752	-0.249298	2
233.34	-8.07474	-6.64919	0.000231028	-0.000304787	0.475685	0.879616	0.227023	-0.191941	2
233.539	-8.05153	-6.61323	0.000201221	-0.000261314	0.461172	0.887311	0.225307	-0.132969	2
233.739	-8.0272	-6.57814	0.000191061	-0.000265223	0.44811	0.893979	0.225643	-0.151323	2
233.939	-7.99528	-6.54922	0.0001293	-0.000345468	0.436208	0.899846	0.227368	-0.256382	2
234.139	-7.96885	-6.51575	0.000191689	-0.000289425	0.420095	0.90748	0.225781	-0.166919	2
234.339	-7.94117	-6.48322	0.000193308	-0.000298737	0.40863	0.9127	0.224696	-0.114845	2
234.539	-7.89934	-6.43727	0.000366185	-0.0011379	0.366783	0.930306	0.63341	-1.5	1
234.739	-7.80537	-6.36512	0.000761956	-0.00377972	0.256318	0.966585	0	0.8	3
234.939	-7.80509	-6.36018	0.000438023	-0.000916993	0.303918	0.952698	0.707202	-1.22789	1
235.14	-7.74816	-6.32297	0.000421247	-0.000992827	0.289169	0.957278	0.719536	-1.5	1
235.339	-7.68719	-6.28541	0.000502422	-0.00113672	0.266393	0.963864	0	0.8	3
235.539	-7.67638	-6.27827	0.000212589	-0.000603398	0.315576	0.9489	0.646343	-1.5	1
235.739	-7.63372	-6.24865	0.000366342	-0.000594899	0.289026	0.957321	0.702998	-1.5	1
235.939	-7.57616	-6.20483	0.000480678	-0.00109568	0.263534	0.964649	0	0.8	3
236.139	-7.53716	-6.17936	0.000216421	-0.00141867	0.261489	0.965205	0	0.8	3
236.339	-7.47405	-6.14295	0.000244576	-0.00205046	0.236707	0.971579	0	0.8	3
236.539	-7.45659	-6.14372	0.00013289	-0.000339396	0.283957	0.958837	0.748444	-1.5	1
236.739	-7.39436	-6.10661	0.000442151	-0.000926528	0.260158	0.965565	0	0.8	3
236.939	-7.34566	-6.07236	0.000248504	-0.00189147	0.236643	0.971595	0	0.8	3
237.139	-7.33942	-6.06987	0.0001072	-0.000123306	0.293574	0.955936	0.672694	-1.5	1
237.339	-7.27659	-6.03392	0.000284661	-0.000411395	0.272324	0.962206	0	0.8	3
237.54	-7.22913	-6.00301	0.000370407	-0.0014692	0.259315	0.965791	0	0.8	3
237.739	-7.17133	-5.96922	0.00038889	-0.00180506	0.229992	0.973191	0	0.8	3
237.939	-7.10628	-5.93625	0.000461364	-0.00228633	0.208536	0.978012	0	0.8	3
238.139	-7.09773	-5.92662	4.26544e-05	2.4264e-05	0.266243	0.963906	0	0.8	3
238.339	-7.06315	-5.90434	0.000425681	-0.000889574	0.310123	0.950696	0.450303	1.5	1
238.525	-6.99897	-5.84229	0.000931593	-0.00184721	0.425888	0.904774	0.549099	1.5	1
238.704	-6.96309	-5.79545	0.000671844	-0.0017451	0.393201	0.919451	0.257302	-1.14374	2
238.891	-6.90919	-5.73719	0.00103642	-0.00225009	0.423797	0.905754	0.330442	-0.727919	2
239.126	-6.83524	-5.6504	0.001495	-0.00311831	0.438176	0.898882	0.335481	-0.743888	2
239.304	-6.80458	-5.61293	0.00134121	-0.00324012	0.393423	0.919351	0.344255	-0.802553	2
239.482	-6.74627	-5.54732	0.00207563	-0.00396162	0.452821	0.89159	0.607388	1.5	1
239.693	-6.69693	-5.44145	0.00347403	-0.00533985	0.529891	0.848042	0.730836	1.5	1
239.888	-6.67133	-5.2844	0.0063988	-0.00782189	0.616612	0.787202	0.8	1.5	1
240.095	-6.59482	-5.13586	0.0100846	-0.0100351	0.691456	0.722279	0.8	1.5	1
240.297	-6.60754	-4.98602	0.0130953	-0.0134663	0.72643	0.686984	0.8	-1.5	1
240.5	-6.60245	-4.82918	0.01642	-0.0167123	0.692789	0.72076	0.8	1.5	1
240.704	-6.6157	-4.66577	0.0198318	-0.0197895	0.727584	0.685447	0.8	-1.5	1
240.904	-6.61148	-4.5089	0.0228034	-0.0233347	0.693601	0.71962	0.8	1.5	1
241.12	-6.62082	-4.34707	0.0261141	-0.026538	0.717145	0.695929	0.8	-1.5	1
241.308	-6.61279	-4.18998	0.0289779	-0.0302241	0.688414	0.724108	0.8	1.5	1
241.512	-6.62033	-4.04741	0.0324311	-0.0334403	0.71029	0.702366	0.8	-1.5	1
241.703	-6.61339	-3.93089	0.0332181	-0.0375287	0.66538	0.74482	0.8	0.462738	1
241.97	-6.61173	-3.70168	0.0417408	-0.0385111	0.737941	0.672472	0.8	0.462512	1
242.223	-6.60479	-3.51441	0.0411183	-0.0467209	0.685022	0.725859	0.8	-1.5	1
242.419	-6.59399	-3.4	0.042852	-0.0506215	0.648363	0.758437	0.8	0.464323	1
242.619	-6.57879	-3.24437	0.0474986	-0.0523201	0.669968	0.739019	0.8	1.5	1
242.814	-6.57496	-3.08659	0.0522989	-0.0540566	0.704837	0.705371	0.8	-1.5	1
243.014	-6.57004	-2.92876	0.0540372	-0.0592276	0.682361	0.726606	0.8	-1.5	1
243.214	-6.54541	-2.77352	0.0553738	-0.0643736	0.650186	0.755015	0.8	1.5	1
243.416	-6.5207	-2.61764	0.0563111	-0.0696041	0.628426	0.7727	0.8	0.387721	1
243.628	-6.49655	-2.45977	0.0598683	-0.0726443	0.643085	0.759987	0.362626	-0.406148	2
243.828	-6.48031	-2.37811	0.0562834	-0.0770926	0.594721	0.798246	0.41085	-0.749048	2
244.028	-6.45394	-2.29982	0.0524326	-0.0807837	0.548485	0.830596	0.430926	-0.692069	2
244.228	-6.40843	-2.22302	0.0488896	-0.0835266	0.508343	0.855699	0.416974	-0.317349	2
244.428	-6.37285	-2.15841	0.0468556	-0.0844955	0.488379	0.867266	0.358864	-0.175394	2
244.628	-6.35043	-2.08463	0.0462096	-0.083903	0.485705	0.868859	0.282726	0.00513188	2
244.828	-6.32465	-2.04184	0.0460569	-0.0824044	0.490933	0.866068	0	0.8	3
245.028	-6.32203	-2.04041	0.0493533	-0.0751729	0.543327	0.834691	0.220668	0.276189	2
245.228	-6.34099	-2.05021	0.0502831	-0.071169	0.570383	0.816743	0	0.8	3
245.428	-6.33683	-2.03848	0.0514487	-0.0672729	0.597236	0.797582	0.182991	0.311183	2
245.628	-6.35195	-2.04686	0.0525956	-0.0636433	0.626724	0.774855	0.134352	0.566394	2
245.828	-6.35826	-2.03808	0.0539955	-0.059052	0.660388	0.746649	0.175842	0.514396	2
246.028	-6.35539	-2.01338	0.0547629	-0.0543659	0.690512	0.719193	0	0.8	3
246.229	-6.37408	-1.99082	0.0553268	-0.0471943	0.730122	0.679436	0	0.8	3
246.428	-6.37543	-1.98645	0.0554885	-0.0399087	0.769894	0.634502	0	0.8	3
246.628	-6.36939	-1.98231	0.0550735	-0.0327642	0.807145	0.586865	0	0.8	3
246.829	-6.28155	-1.94942	0.0541243	-0.0257862	0.842132	0.535929	0.196961	0.458052	2
247.028	-6.29142	-1.92241	0.0527599	-0.0245926	0.853999	0.517008	0	0.8	3
247.228	-6.30479	-1.87957	0.0512413	-0.0235387	0.863527	0.501139	0.21575	-0.321117	2
247.428	-6.32471	-1.84329	0.0496294	-0.0284256	0.850184	0.52337	0.21457	-0.281966	2
247.628	-6.35514	-1.80787	0.0478399	-0.0314073	0.840518	0.538752	0.214296	-0.194117	2
247.828	-6.38639	-1.77219	0.0461868	-0.0311829	0.834017	0.548917	0.214083	-0.219708	2
248.028	-6.39821	-1.74326	0.0450784	-0.0308979	0.830275	0.554668	0.215061	-0.153531	2
248.228	-6.30709	-1.70671	0.0432792	-0.0309698	0.81891	0.571449	0.218778	-0.374788	2
248.428	-6.32052	-1.66669	0.0412927	-0.0312745	0.804672	0.591456	0.218929	-0.376811	2
248.628	-6.33217	-1.62487	0.0391548	-0.031786	0.78767	0.61403	0.229282	-0.466425	2
248.828	-6.41379	-1.50471	0.0368892	-0.0325046	0.765347	0.641737	0.8	-1.5	1
249.028	-6.42463	-1.37179	0.0350233	-0.0388833	0.704492	0.70778	0.770531	-1.5	1
249.228	-6.40955	-1.23326	0.0332623	-0.0455856	0.629226	0.775171	0.707913	-1.5	1
249.428	-6.36212	-1.14307	0.0324736	-0.0519746	0.54054	0.839083	0.699802	-1.5	1
249.628	-6.30994	-1.07774	0.029481	-0.0557784	0.474957	0.877744	0.362626	-0.406148	2
249.828	-6.26546	-0.99479	0.0272183	-0.0566475	0.441463	0.895076	0.362626	-0.406148	2
250.028	-6.22153	-0.939624	0.0239406	-0.058044	0.392399	0.917649	0.379754	-1.13689	2
250.229	-6.16996	-0.889828	0.0187984	-0.0598826	0.311511	0.948168	0.371587	-1.13359	2
250.428	-6.12959	-0.862475	0.0137777	-0.0609693	0.235121	0.969954	0.784377	-1.5	1
250.629	-6.012	-0.810785	0.0119611	-0.0645855	0.190007	0.979583	0.8	1.5	1
250.804	-5.92019	-0.774485	0.0152607	-0.0662675	0.237258	0.969064	0.266077	-1.36462	2
250.978	-5.8668	-0.750755	0.0137647	-0.0671258	0.209077	0.975495	0.8	1.5	1
251.178	-5.76105	-0.675704	0.0151245	-0.0682481	0.228725	0.970978	0.244639	-0.923255	2
251.378	-5.67023	-0.651096	0.00903044	-0.071209	0.14262	0.987171	0.32447	-0.227401	2
251.579	-5.6087	-0.635024	0.00931334	-0.0710229	0.139834	0.987581	0.318706	0.0646659	2
251.778	-5.54549	-0.634175	0.0104704	-0.0703579	0.156094	0.985178	0.30114	0.191671	2
251.978	-5.4897	-0.615976	0.0119148	-0.0694029	0.177405	0.981615	0.280531	0.309328	2
252.178	-5.43697	-0.59592	0.0136201	-0.0682156	0.203841	0.97653	0.276817	0.337184	2
252.378	-5.3913	-0.577269	0.0153799	-0.0668479	0.232183	0.97025	0.273506	0.353322	2
252.578	-5.34199	-0.552182	0.0168038	-0.0655434	0.255394	0.964466	0.196943	0.42881	2
252.778	-5.31462	-0.53681	0.0189952	-0.0626379	0.292702	0.953961	0	0.8	3
252.978	-5.27859	-0.496393	0.0196616	-0.0608405	0.315377	0.94681	0.206095	0.279842	2
253.178	-5.24547	-0.471463	0.020569	-0.0586936	0.338659	0.938851	0.206782	0.322422	2
253.379	-5.21341	-0.444576	0.021355	-0.056572	0.361097	0.930566	0.209924	0.253867	2
253.578	-5.17084	-0.397157	0.0217387	-0.0545954	0.377844	0.924002	0.212285	0.221004	2
253.778	-5.13752	-0.362102	0.0218666	-0.0527508	0.390986	0.918623	0.217273	0.101127	2
253.978	-5.10798	-0.331158	0.0216189	-0.0511077	0.397864	0.915765	0.216661	0.107457	2
254.178	-5.06573	-0.326614	0.0203117	-0.0500072	0.385727	0.921033	0.221088	-0.402041	2
254.378	-5.03605	-0.2971	0.0182213	-0.049199	0.357341	0.932499	0.21798	-0.363431	2
254.578	-5.00494	-0.269818	0.016417	-0.0482058	0.332972	0.941561	0.215333	-0.3099	2
254.778	-4.98869	-0.208346	0.015702	-0.0464737	0.3268	0.943819	0	0.8	3
254.978	-4.96514	-0.189053	0.0149079	-0.0446969	0.327806	0.943569	0.214835	-0.293319	2
255.179	-4.93253	-0.163949	0.0135746	-0.0434981	0.30985	0.949693	0.214072	-0.23896	2
255.378	-4.91115	-0.164024	0.0136	-0.0411562	0.325738	0.944466	0.214234	-0.261158	2
255.578	-4.8845	-0.15945	0.0126627	-0.0402941	0.312582	0.948951	0.214082	-0.219907	2
255.778	-4.85105	-0.135346	0.0115728	-0.0390189	0.297757	0.953774	0.214896	-0.160452	2
255.978	-4.81663	-0.112132	0.0106894	-0.037682	0.286887	0.957163	0.216408	-0.335952	2
256.178	-4.78872	-0.10195	0.00929611	-0.0365793	0.261742	0.9644	0.234794	-0.496501	2
256.378	-4.74973	-0.0804252	0.00770273	-0.0356443	0.227887	0.973004	0.238577	-0.5138	2
256.578	-4.65272	-0.0195975	0.00782111	-0.0358032	0.227155	0.973169	0.8	1.5	1
256.758	-4.52612	0.0546691	0.0121833	-0.0376248	0.321422	0.94611	0.8	1.5	1
256.964	-4.40848	0.165424	0.0170459	-0.0394524	0.40932	0.911378	0.8	-1.5	1
257.164	-4.28715	0.270126	0.0145183	-0.0443744	0.322711	0.945345	0.8	1.5	1
257.434	-4.15314	0.44599	0.0231322	-0.0452087	0.461519	0.885676	0.8	-1.5	1
257.644	-4.05279	0.569384	0.0193428	-0.0510116	0.366721	0.92873	0.8	-1.5	1
257.844	-3.92265	0.673637	0.020183	-0.0545214	0.355209	0.932977	0.8	1.5	1
258.061	-3.83764	0.769109	0.0282328	-0.0546534	0.463545	0.883935	0.8	-1.5	1
258.256	-3.73558	0.893889	0.022549	-0.0612803	0.356158	0.932142	0.8	-1.5	1
258.505	-3.56775	1.00302	0.0264923	-0.0645927	0.384968	0.920286	0.8	1.5	1
258.704	-3.45802	1.1134	0.0234846	-0.0696208	0.33005	0.9411	0.8	-1.5	1
258.905	-3.33695	1.24327	0.0296032	-0.0709833	0.389353	0.917872	0.8	1.5	1
259.104	-3.2686	1.32216	0.0260146	-0.0762695	0.332287	0.93973	0.8	-1.5	1
259.275	-3.20974	1.34207	0.0314018	-0.076853	0.38231	0.920297	0.8	1.5	1
259.455	-3.13018	1.43052	0.0327852	-0.0793046	0.3894	0.917062	0.8	-1.5	1
259.649	-3.01375	1.5303	0.024579	-0.0861208	0.283979	0.954639	0.8	1.5	1
259.853	-2.81705	1.6642	0.0341679	-0.0864918	0.37042	0.924197	0.8	1.5	1
260.053	-2.71414	1.80827	0.0372935	-0.0890437	0.392334	0.914743	0.8	-1.5	1
260.251	-2.55845	1.88544	0.027252	-0.096511	0.279936	0.954766	0.8	1.5	1
260.457	-2.36551	1.94435	0.0383922	-0.0963082	0.371899	0.922465	0.8	1.5	1
260.71	-2.32116	2.13749	0.0393056	-0.100674	0.369071	0.923096	0.8	-1.5	1
260.909	-2.16269	2.22867	0.0345179	-0.106264	0.311477	0.943662	0.8	1.5	1
261.108	-2.04446	2.35128	0.048831	-0.104249	0.423894	0.898366	0.8	1.5	1
261.305	-1.94594	2.47566	0.0430101	-0.110782	0.366308	0.922874	0.8	-1.5	1
261.504	-1.79009	2.5521	0.0398712	-0.115811	0.326712	0.937154	0.8	1.5	1
261.704	-1.61442	2.68903	0.0445065	-0.117901	0.356757	0.925658	0.8	-1.5	1
261.905	-1.49886	2.79667	0.0447309	-0.121661	0.34858	0.928272	0.8	-1.5	1
262.105	-1.59783	2.85224	0.054343	-0.120661	0.409043	0.902869	0.8	1.5	1
262.305	-1.46669	2.92155	0.0497832	-0.126587	0.368763	0.919517	0.8	-1.5	1
262.505	-1.34509	3.01757	0.041324	-0.133421	0.297375	0.944489	0.8	1.5	1
262.705	-1.18922	3.15742	0.052961	-0.132913	0.372788	0.91682	0.8	-1.5	1
262.905	-1.0708	3.26419	0.0448588	-0.139671	0.307276	0.940245	0.8	1.5	1
263.105	-0.952562	3.38136	0.0544549	-0.139802	0.366111	0.918397	0.8	-1.5	1
263.305	-0.85283	3.46041	0.0435642	-0.145901	0.289481	0.944995	0.320956	-0.183858	2
263.505	-0.791969	3.50008	0.0397662	-0.146608	0.265989	0.951932	0.417613	-0.481921	2
263.705	-0.714834	3.51565	0.0363241	-0.148019	0.242739	0.958044	0.483984	-0.505892	2
263.905	-0.634161	3.55652	0.0326947	-0.149384	0.218813	0.96371	0.449806	-0.367057	2
264.105	-0.562364	3.58915	0.0308696	-0.149738	0.206381	0.966454	0.38183	-0.243588	2
264.305	-0.573877	3.63081	0.0305017	-0.148817	0.204555	0.966995	0.257696	0.024565	2
264.505	-0.54917	3.64097	0.0362906	-0.144184	0.238288	0.959746	0	0.8	3
264.705	-0.524771	3.65366	0.0379826	-0.142949	0.258249	0.954688	0.186851	0.377597	2
264.905	-0.48972	3.66969	0.0417595	-0.139739	0.287503	0.94661	0.199119	0.371861	2
265.105	-0.45256	3.69509	0.0440325	-0.137172	0.30739	0.940615	0.34019	-0.332691	2
265.305	-0.407194	3.72734	0.0427399	-0.136267	0.300577	0.943005	0.240268	0.0435603	2
265.505	-0.538967	3.79008	0.0487352	-0.131391	0.343758	0.928543	0	0.8	3
265.705	-0.529512	3.79803	0.0554801	-0.124308	0.394607	0.908711	0.169442	0.575982	2
265.905	-0.510123	3.81822	0.0597783	-0.119421	0.434603	0.890666	0	0.8	3
266.106	-0.380188	3.85992	0.0650382	-0.110939	0.482382	0.86647	0	0.8	3
266.305	-0.328228	3.87634	0.0699492	-0.101895	0.532917	0.837092	0	0.8	3
266.505	-0.313008	3.90943	0.0662958	-0.104933	0.521094	0.844426	0.214668	-0.171143	2
266.705	-0.0795008	3.81099	0.0632059	-0.105351	0.510595	0.850999	0	0.8	3
266.905	-0.0773197	3.81189	0.0679606	-0.09628	0.562511	0.818348	0	0.8	3
267.106	-0.0923075	3.85399	0.0658473	-0.0974859	0.559267	0.820598	0.214338	-0.190907	2
267.305	-0.0812161	3.88315	0.064033	-0.0972271	0.549738	0.827185	0.215263	-0.145808	2
267.505	-0.0652595	3.92168	0.060844	-0.0974936	0.530186	0.840057	0.219092	-0.378935	2
267.705	-0.0805883	3.94676	0.0565192	-0.0983911	0.499256	0.858992	0.218651	-0.373069	2
267.905	-0.0599002	3.98298	0.0527361	-0.0987006	0.47289	0.873986	0.220647	-0.397345	2
268.106	-0.0369903	4.01786	0.0489212	-0.0988413	0.445566	0.88843	0.217154	-0.350047	2
268.306	0.0903782	4.10119	0.044872	-0.0988788	0.415843	0.902931	0.217192	-0.350695	2
268.505	0.117695	4.13284	0.0411165	-0.0986766	0.387853	0.915501	0.217592	-0.35737	2
268.705	0.147358	4.16319	0.0368994	-0.0986143	0.35494	0.928941	0.242001	-0.764034	2
268.905	-0.0284177	4.16164	0.0326009	-0.0985262	0.318673	0.942166	0.23217	-0.386717	2
269.105	0.00711787	4.18803	0.0297344	-0.0977797	0.295837	0.949756	0.230056	-0.358082	2
269.305	0.0438105	4.21253	0.0273011	-0.0968413	0.276487	0.955736	0.229015	-0.278987	2
269.505	0.253898	4.23842	0.0253572	-0.0957285	0.26147	0.960118	0.227831	-0.252262	2
269.706	0.282586	4.25488	0.0237883	-0.09497	0.248716	0.963616	0.229358	-0.369929	2
269.905	0.32803	4.27588	0.0217612	-0.0938575	0.231856	0.967967	0.227936	-0.290713	2
270.105	0.39728	4.29732	0.0203834	-0.0925716	0.221188	0.970614	0.226999	-0.225944	2
270.305	0.437289	4.31568	0.0188085	-0.0913315	0.208169	0.973638	0.227675	-0.276447	2
270.505	0.474333	4.3482	0.0169127	-0.0901624	0.191087	0.977277	0.227567	-0.26979	2
270.705	0.510727	4.38495	0.0150802	-0.0889734	0.174136	0.980578	0.228168	-0.30036	2
270.905	0.552516	4.3991	0.0133387	-0.0877851	0.157088	0.983585	0.226533	-0.206688	2
271.105	0.60437	4.41421	0.0120716	-0.0864818	0.145783	0.985456	0.228842	-0.326423	2
271.305	0.646949	4.42599	0.0107509	-0.0852452	0.132895	0.987399	0.228476	-0.288096	2
271.505	0.689834	4.43668	0.00957101	-0.083994	0.120988	0.989048	0.227768	-0.255155	2
271.705	0.734663	4.44965	0.00821989	-0.0827817	0.106726	0.990802	0.227841	-0.251504	2
271.905	0.778049	4.45814	0.00714117	-0.0815524	0.0953093	0.992076	0.227542	-0.25187	2
272.105	0.821604	4.46566	0.00622813	-0.0803214	0.0852828	0.993094	0.22627	-0.183293	2
272.305	0.618657	4.41533	0.00648937	-0.0792897	0.0896821	0.992788	0.226291	-0.182793	2
272.505	0.662291	4.42245	0.00563361	-0.0780849	0.0804161	0.993682	0.228582	-0.254306	2
272.705	0.706074	4.42869	0.00485823	-0.0768851	0.0714796	0.994463	0.226212	-0.177879	2
272.906	0.736898	4.44329	0.00386375	-0.0757095	0.0597227	0.995332	0.227112	-0.201482	2
273.105	0.78092	4.4478	0.00310253	-0.0745277	0.0506181	0.995929	0.22748	-0.218871	2
273.305	0.822269	4.45085	0.000520558	-0.0731091	0.0220529	0.99708	0.211915	-0.439673	2
273.505	0.891143	4.44779	-0.000338321	-0.0720013	0.00472709	0.997393	0.207483	-0.234374	2
273.705	0.931409	4.44754	-0.00103047	-0.0706505	-0.00579863	0.997484	0.204891	-0.101533	2
273.906	0.971734	4.44683	-0.00138516	-0.0692909	-0.0110794	0.997534	0.205641	-0.0861234	2
274.105	1.00899	4.44534	-0.00148265	-0.0679368	-0.0131309	0.997602	0.205134	-0.0209543	2
274.305	1.04955	4.44437	-0.00146379	-0.0665788	-0.0132691	0.997692	0.206163	0.020609	2
274.505	1.12046	4.44477	-0.00147546	-0.0652126	-0.0132423	0.997782	0.204127	-0.0147168	2
274.705	1.16058	4.44388	-0.00131591	-0.0638324	-0.011482	0.997894	0.20212	0.0689738	2
274.905	1.19073	4.44331	-0.00133453	-0.0628622	-0.0111543	0.997959	0.204852	0.0259235	2
275.105	1.23397	4.44144	-0.00108978	-0.0614942	-0.0079127	0.998075	0.202428	0.0278119	2
275.305	1.28381	4.4372	-0.000835269	-0.0601273	-0.00420928	0.998181	0.201791	0.0365069	2
275.506	1.32389	4.43704	-0.000708451	-0.058763	-0.00244752	0.998269	0.204439	0.026579	2
275.705	1.3504	4.43749	-0.00072549	-0.0574131	-0.00286209	0.998346	0.204169	-0.0115871	2
275.906	1.37561	4.43787	-0.000641772	-0.0560532	-0.00238616	0.998425	0.202053	0.0543853	2
276.105	1.41574	4.43784	-0.000571217	-0.0547023	-0.000928263	0.998502	0.204279	-0.0179178	2
276.305	1.4756	4.43944	-0.000707168	-0.0533683	-0.00393889	0.998567	0.203558	-0.0160943	2
276.506	1.52412	4.4399	-0.000621191	-0.0520203	-0.0031972	0.998641	0.202753	0.0244085	2
276.705	1.56417	4.43979	-0.000516395	-0.0506726	-0.00143056	0.998714	0.203733	0.00188162	2
276.905	1.59098	4.43892	-0.000495803	-0.0493394	-0.00158636	0.998781	0.203394	0.0104156	2
277.105	1.63013	4.43883	-0.00042763	-0.0479981	-0.000574683	0.998847	0.203597	-0.00089597	2
277.305	1.66022	4.43878	-0.000456468	-0.0469629	-0.00140107	0.998896	0.203653	-0.0179382	2
277.505	1.70582	4.45012	-0.000542141	-0.0456439	-0.00418016	0.998949	0.201956	0.0379716	2
277.705	1.77051	4.50145	-0.000713888	-0.0443054	-0.00874992	0.998979	0.204281	0.0209121	2
277.905	1.81061	4.50088	-0.000609089	-0.0429772	-0.00694735	0.999052	0.204471	0.00095661	2
278.105	1.84291	4.49684	-0.000510493	-0.0416614	-0.00596471	0.999114	0.20149	0.071781	2
278.306	1.87209	4.49183	-0.000410262	-0.0403363	-0.00296968	0.999182	0.204142	-0.051091	2
278.505	1.91222	4.49151	-0.00042059	-0.0390306	-0.00420677	0.999229	0.20549	-0.0261871	2
278.705	1.98815	4.49593	-0.000460112	-0.0377247	-0.00681824	0.999265	0.202856	0.0446803	2
278.905	2.04831	4.498	-0.000476437	-0.0364129	-0.00757644	0.999308	0.20322	-0.00129727	2
279.105	2.08833	4.4974	-0.000482618	-0.0351072	-0.00809385	0.999351	0.204147	-0.0504348	2
279.305	2.16355	4.49921	-0.000448543	-0.0338015	-0.00900132	0.999388	0.202575	0.0213492	2
279.506	2.20835	4.49887	-0.000469944	-0.0324996	-0.00947886	0.999427	0.204793	-0.0718936	2
279.705	2.24849	4.49809	-0.000428443	-0.031209	-0.0100156	0.999463	0.204693	-0.0186636	2
279.905	2.27446	4.49089	-0.000323318	-0.0302816	-0.00785681	0.99951	0.203795	0.00927931	2
280.105	2.27656	4.42987	0.000110525	-0.0289983	0.00585568	0.999562	0.20353	0.0306701	2
280.305	2.31664	4.43046	0.000154682	-0.0277031	0.00727481	0.99959	0.202898	-0.00382006	2
280.505	2.36091	4.43305	0.000105741	-0.0264193	0.00511619	0.999638	0.203225	-0.00917387	2
280.705	2.40907	4.43697	2.91211e-05	-0.0251388	0.00118793	0.999683	0.202357	0.00919862	2
280.905	2.44908	4.43712	7.17822e-05	-0.0238516	0.00195378	0.999714	0.202728	0.0143211	2
281.105	2.48703	4.43843	0.000141815	-0.0225563	0.00357103	0.999739	0.201454	0.0514116	2
281.305	2.52547	4.43955	0.000175477	-0.0212638	0.00499873	0.999761	0.202463	0.0186509	2
281.505	2.56552	4.43994	0.000199634	-0.0199902	0.00516403	0.999787	0.20218	0.0339871	2
281.705	2.58026	4.44037	0.000181022	-0.0187177	0.00566888	0.999809	0.205405	-0.0787984	2
281.905	2.62038	4.44063	0.000165372	-0.0174656	0.00296309	0.999843	0.204196	-0.0373643	2
282.105	2.66048	4.44084	0.000186132	-0.0162051	0.00258064	0.999865	0.203521	-0.0163011	2
282.305	2.73177	4.43834	0.00025593	-0.0149352	0.00437375	0.999879	0.201781	0.0471445	2
282.505	2.76174	4.43866	0.000273849	-0.0139413	0.00543482	0.999888	0.202688	0.0369244	2
282.705	2.8017	4.43921	0.000295159	-0.0126727	0.00707576	0.999895	0.203335	-0.018822	2
282.905	2.8334	4.44335	0.000306524	-0.0114164	0.0067275	0.999912	0.202296	-0.00577351	2
283.105	2.87336	4.44382	0.000307349	-0.010176	0.00580681	0.999931	0.202397	-0.0139358	2
283.305	2.91333	4.44425	0.000305392	-0.00894007	0.00570699	0.999944	0.202779	0.018977	2
283.505	2.93136	4.47062	0.000282222	-0.00768904	0.00719432	0.999945	0.203483	-0.0169878	2
283.706	2.97128	4.47117	0.000265177	-0.00645679	0.00742791	0.999952	0.202733	-0.00406906	2
283.905	3.01131	4.47162	0.000216516	-0.00524088	0.00512334	0.999973	0.204286	-0.0727343	2
284.105	3.04953	4.44491	0.000223016	-0.00401498	0.00343379	0.999986	0.204134	-0.0306517	2
284.305	3.08957	4.44509	0.000196812	-0.00280217	0.00195144	0.999994	0.2036	-0.0393254	2
284.505	3.14369	4.44755	0.000245988	-0.00161955	0.00153284	0.999997	0.203053	-0.00337887	2
284.705	3.18491	4.44786	0.000276624	-0.000402163	0.000948307	0.999999	0.201237	0.0300841	2
284.905	3.22466	4.44803	1.94879e-05	4.37332e-05	0.000783384	1	0.203524	0.0145875	2
285.105	3.2531	4.44792	5.8341e-05	-4.9506e-06	0.000128331	1	0.202205	0.0281909	2
285.305	3.28663	4.44741	1.14197e-05	9.46807e-05	0.0114042	0.999935	0.211752	0.215564	2
285.505	3.32871	4.44896	-3.20639e-05	8.32446e-05	0.0223489	0.99975	0.214549	0.162795	2
285.705	3.3704	4.4506	4.07108e-05	-2.89064e-05	0.0319169	0.999491	0.216678	0.118138	2
285.905	3.41207	4.45254	3.40853e-05	-2.05072e-05	0.0388707	0.999244	0.216946	0.129214	2
286.105	3.45476	4.45563	3.06183e-05	-8.10101e-06	0.0448053	0.998996	0.219172	0.0448164	2
286.305	3.50172	4.45443	-4.29575e-05	6.44212e-05	0.0476624	0.998863	0.222244	-0.0401381	2
286.505	3.54481	4.4577	5.02591e-05	-2.85761e-05	0.0470705	0.998892	0.222943	-0.0630424	2
286.708	3.58807	4.46083	-2.30844e-06	-3.44698e-05	0.0379891	0.999278	0.229257	-0.466271	2
286.905	3.62912	4.46453	1.30831e-05	-4.02666e-05	0.00883568	0.999961	0.220469	-0.395387	2
287.106	3.67092	4.46442	4.22394e-05	-1.21624e-05	-0.0185483	0.999828	0.220223	-0.392623	2
287.306	3.71746	4.46395	1.43528e-05	2.68708e-05	-0.0460301	0.99894	0.216423	-0.336264	2
287.505	3.74804	4.4613	7.12845e-05	2.84459e-06	-0.0646994	0.997905	0.215195	-0.305746	2
287.705	3.76983	4.45884	2.21086e-05	2.27349e-05	-0.0436652	0.999046	0.214737	-0.289419	2
287.905	3.8098	4.45482	5.40064e-05	-8.37512e-06	-0.0663596	0.997796	0.214623	-0.284465	2
288.105	3.83007	4.45042	5.83574e-05	-4.13716e-05	-0.0462651	0.998929	0.214848	-0.293835	2
288.305	3.87031	4.44685	4.89759e-05	-6.89645e-05	-0.0811495	0.996702	0.215961	-1.1422	2
288.505	3.81991	4.54305	7.91969e-05	4.03907e-05	-0.105461	0.994423	0.220425	-0.0209496	2
288.705	3.76601	4.64638	0.000229983	-0.000211215	-0.107935	0.994158	0.238318	-0.02511	2
288.905	3.81715	4.63622	0.000235761	-0.000359825	-0.120285	0.992739	0.308492	-0.180868	2
289.105	3.89015	4.62089	0.000183845	-0.000705801	-0.152128	0.98836	0.39773	-0.410914	2
289.305	3.97359	4.59386	-6.75163e-05	-0.0017031	-0.196856	0.980431	0.485229	-0.578414	2
289.506	4.05926	4.55511	-0.000482173	-0.00293214	-0.247981	0.96876	0.472687	-0.546427	2
289.705	4.10533	4.54297	-0.000278519	-0.00225799	-0.250957	0.967996	0	0.8	3
289.905	4.14137	4.52576	-5.77441e-05	-0.0010763	-0.243316	0.969947	0.528509	-0.920726	2
290.105	4.1529	4.51925	7.72941e-05	-5.70884e-05	-0.212343	0.977195	0	0.8	3
290.305	4.17929	4.49008	6.86477e-05	0.00020023	-0.178197	0.983995	0.171951	0.371902	2
290.505	4.21237	4.47907	3.64564e-05	0.000204391	-0.153098	0.988211	0.176832	0.400217	2
290.706	4.24805	4.46933	2.97172e-05	0.000146501	-0.127298	0.991865	0.206703	0.350346	2
290.905	4.25605	4.46776	6.15679e-05	5.54298e-05	-0.112655	0.993634	0.213632	0.339518	2
291.105	4.29761	4.4599	8.71404e-05	5.38035e-05	-0.0908297	0.995866	0.216992	0.33435	2
291.305	4.32797	4.48511	4.20735e-05	0.000343698	-0.0381502	0.999272	0	0.8	3
291.505	4.35679	4.50575	8.02849e-05	-1.97511e-06	0.016549	0.999863	0.218912	0.494829	2
291.705	4.36817	4.47305	0.000119132	-8.34804e-05	0.0790095	0.996874	0	0.8	3
291.905	4.38741	4.4646	6.07729e-05	2.78566e-05	0.129205	0.991618	0	0.8	3
292.105	4.39047	4.4643	-8.20128e-05	0.000470146	0.19342	0.981116	0	0.8	3
292.305	4.41893	4.46453	2.45492e-05	0.000153677	0.238052	0.971253	0.220338	0.205926	2
292.505	4.45749	4.48399	1.76151e-05	9.63431e-05	0.245909	0.969293	0.225485	-0.0654762	2
292.705	4.48192	4.51501	3.72198e-05	7.10421e-05	0.237923	0.971284	0.228032	-0.284664	2
292.905	4.52073	4.53382	-2.00924e-05	0.000113876	0.223925	0.974606	0.226593	-0.193856	2
293.105	4.56004	4.55156	-1.64734e-05	6.01962e-05	0.212062	0.977256	0.227494	-0.265081	2
293.305	4.59536	4.5616	4.498e-05	5.81627e-05	0.203694	0.979035	0.226178	-0.188551	2
293.505	4.63547	4.57761	4.83652e-05	2.53981e-05	0.19119	0.981553	0.227543	-0.264348	2
293.705	4.6778	4.59046	-1.65079e-05	0.000138479	0.17749	0.984123	0.226681	-0.216779	2
293.905	4.72042	4.60238	-3.23488e-05	0.000107885	0.164831	0.986322	0.227628	-0.265343	2
294.105	4.76188	4.61496	5.08479e-05	4.0575e-05	0.151968	0.988385	0.226679	-0.210909	2
294.305	4.83104	4.62167	4.14014e-05	4.14529e-05	0.144156	0.989555	0.22666	-0.199634	2
294.505	4.88164	4.63111	3.8392e-05	1.16637e-05	0.135853	0.990729	0.225786	-0.16866	2
294.705	4.92393	4.64137	-6.7795e-05	5.85304e-05	0.126957	0.991908	0.225613	-0.156924	2
294.905	4.98961	4.6539	3.99691e-05	2.26002e-05	0.116054	0.993243	0.227257	-0.220364	2
295.105	5.03211	4.66251	2.95835e-05	-3.74721e-06	0.111997	0.993709	0.223815	-0.0920266	2
295.305	5.0641	4.66887	2.74246e-05	-1.55835e-05	0.106269	0.994337	0.228563	-0.273202	2
295.505	5.04252	4.66642	7.27159e-06	-4.65036e-05	0.0973461	0.995251	0.224899	-0.124782	2
295.705	5.08541	4.67352	3.81515e-05	-2.31488e-05	0.0917884	0.995779	0.225176	-0.137432	2
295.905	5.1284	4.68023	4.92723e-05	8.13504e-06	0.0853795	0.996349	0.224082	-0.101677	2
296.105	5.3574	4.56154	3.16632e-05	-1.87957e-06	0.073805	0.997273	0.223627	-0.0838789	2
296.305	5.61762	4.41822	3.56326e-05	-1.8604e-05	0.0605107	0.998168	0.225439	-0.141157	2
296.505	5.6609	4.42241	4.34133e-05	1.27974e-05	0.0553097	0.998469	0.225869	-0.153662	2
296.705	5.43087	4.62937	1.51426e-05	-6.45637e-06	0.0567053	0.998391	0.223777	-0.0907388	2
296.905	5.35641	4.72032	2.36916e-05	-4.66693e-05	0.0574142	0.99835	0.223773	-0.0900473	2
297.105	5.39967	4.72434	3.76193e-06	4.77863e-05	0.0530488	0.998592	0.224544	-0.113859	2
297.305	5.42994	4.7194	4.4958e-05	2.81444e-05	0.0543502	0.998522	0.221913	-0.0322157	2
297.505	5.47225	4.72284	5.6444e-05	-3.16477e-05	0.0512616	0.998685	0.221987	-0.0326379	2
297.705	5.50468	4.72573	2.76208e-05	-6.81987e-05	0.0481195	0.998842	0.222794	-0.0558305	2
297.906	5.55038	4.72944	4.7767e-05	-7.17011e-05	0.0440159	0.999031	0.220592	0.00462712	2
298.106	5.60642	4.7333	3.74929e-05	-2.79293e-05	0.0397969	0.999208	0.223183	-0.070635	2
298.305	5.64957	4.73631	2.82641e-05	-7.07859e-05	0.0369284	0.999318	0.22242	-0.0451041	2
298.506	5.68615	4.73883	-1.2294e-05	6.99539e-05	0.0370552	0.999313	0.221352	-0.0165628	2
298.705	5.71921	4.74107	6.27388e-05	-9.95881e-05	0.036573	0.999331	0.224139	-0.0982852	2
298.905	5.76296	4.74352	3.67661e-05	-0.000135398	0.0125744	0.999921	0.234211	-0.493622	2
299.105	5.81475	4.74161	1.94609e-05	-7.02148e-05	-0.0206517	0.999787	0.222533	-0.4162	2
299.305	5.86208	4.73796	5.37823e-05	-8.86274e-05	-0.0526122	0.998615	0.217927	-0.362623	2
299.505	5.90299	4.73351	4.34878e-05	-7.41337e-05	-0.0799889	0.996796	0.215337	-0.310041	2
299.705	5.9395	4.72119	6.83292e-05	-2.35943e-05	-0.061228	0.998124	0.214678	-0.286903	2
299.905	5.98189	4.71515	3.45837e-05	-3.65889e-05	-0.0855756	0.996332	0.214203	-0.25835	2
300.105	6.0045	4.71248	6.69297e-05	-4.61566e-05	-0.0654031	0.997859	0.2145	-0.278444	2
300.305	6.03341	4.70968	2.92504e-05	-5.42912e-05	-0.0825807	0.996584	0.214176	-0.255695	2
300.505	6.06114	4.7098	5.0749e-05	1.04247e-05	-0.104645	0.99451	0.2142	-0.202758	2
300.705	6.10101	4.70223	4.38087e-05	-3.16994e-05	-0.124378	0.992235	0.214327	-0.191726	2
300.905	6.19551	4.74919	6.48809e-05	5.39914e-05	-0.145899	0.989299	0.215515	-0.136951	2
301.105	6.23462	4.73832	4.25499e-05	5.72414e-05	-0.164873	0.986315	0.214229	-0.260731	2
301.305	6.27286	4.72584	7.9928e-05	4.133e-05	-0.192293	0.981338	0.215553	-0.316063	2
301.505	6.25965	4.69555	4.48812e-05	7.64055e-05	-0.215397	0.976527	0.215586	-0.316912	2
301.705	6.29626	4.679	4.213e-05	4.37849e-05	-0.244043	0.969765	0.21477	-0.290778	2
301.905	6.3318	4.6602	6.78211e-05	6.47267e-06	-0.272111	0.962266	0.216896	-0.345416	2
302.106	6.77681	4.24965	5.42196e-05	3.37337e-05	-0.319264	0.947666	0.216169	-0.33088	2
302.305	6.8087	4.2253	6.74617e-05	7.45168e-05	-0.344558	0.938765	0.214712	-0.288363	2
302.505	6.83917	4.19926	0.000109284	0.000141051	-0.367445	0.930045	0.216378	-0.335331	2
302.705	6.88441	4.21524	4.61298e-06	-4.71868e-05	-0.414785	0.909919	0.236321	-0.678735	2
302.905	6.90539	4.19038	7.20393e-05	2.32529e-05	-0.435556	0.900162	0.230547	-0.283983	2
303.105	6.93609	4.15619	-1.51415e-05	6.67185e-05	-0.450908	0.89257	0.229926	-0.280369	2
303.305	6.97955	4.12259	5.93108e-05	3.26828e-05	-0.469464	0.882952	0.228892	-0.271317	2
303.505	7.00291	4.08633	3.83127e-05	7.5924e-05	-0.487112	0.873339	0.228519	-0.267157	2
303.705	7.02072	4.04449	3.20859e-05	3.19614e-07	-0.50051	0.865731	0.22877	-0.321792	2
303.905	7.03615	4.00064	4.21149e-05	-1.58331e-05	-0.514161	0.857694	0.22636	-0.169419	2
304.105	7.05555	3.96214	5.77529e-05	1.97785e-05	-0.524322	0.85152	0.226937	-0.204547	2
304.305	7.0777	3.93272	2.51487e-05	1.71787e-05	-0.537617	0.843189	0.22764	-0.274243	2
304.505	7.09473	3.89308	1.47965e-05	7.86634e-06	-0.549149	0.835724	0.226763	-0.210205	2
304.705	7.11067	3.853	2.76196e-05	-3.85277e-05	-0.558164	0.829731	0.226514	-0.201064	2
304.905	7.1224	3.76057	4.84223e-06	-6.03846e-05	-0.572366	0.819999	0.227377	-0.256441	2
305.105	7.13593	3.71952	4.85834e-05	-1.22163e-05	-0.581756	0.813363	0.226296	-0.194138	2
305.305	7.14858	3.67808	3.82686e-06	6.90498e-05	-0.591707	0.806153	0.227489	-0.2454	2
305.505	7.10616	3.66811	2.47326e-05	-3.18337e-05	-0.594819	0.80386	0.226982	-0.227197	2
305.706	7.11733	3.62625	1.61573e-05	-5.69283e-05	-0.60309	0.797673	0.226925	-0.227689	2
305.905	7.12769	3.58415	8.59135e-06	-5.02498e-05	-0.610101	0.792324	0.227383	-0.244917	2
306.105	7.14777	3.59483	1.24146e-05	-5.1963e-05	-0.619443	0.785041	0.226624	-0.20285	2
306.305	7.15636	3.55221	7.19638e-07	-5.29267e-05	-0.626631	0.779316	0.227742	-0.23313	2
306.505	7.16414	3.50941	-1.88663e-06	-6.62714e-05	-0.633582	0.773675	0.225227	-0.140908	2
306.705	7.16514	3.46622	1.2826e-05	-2.02868e-05	-0.637892	0.770126	0.226834	-0.188107	2
306.905	7.17184	3.42323	-4.43301e-05	-4.98653e-05	-0.64351	0.765438	0.227014	-0.217491	2
307.105	7.1777	3.37968	-7.23537e-05	-0.000102446	-0.664375	0.7474	0.227277	-0.453498	2
307.305	7.20764	3.31522	-3.41334e-05	-2.37332e-05	-0.681457	0.731858	0.220311	0.0213281	2
307.505	7.20954	3.27242	-3.11752e-05	-9.29053e-05	-0.697495	0.71659	0.223641	-0.425989	2
307.705	7.20967	3.23056	-8.29183e-05	-0.000108061	-0.716562	0.697524	0.217202	-0.350879	2
307.905	6.79793	3.50136	-4.72201e-05	-0.000129732	-0.718722	0.695298	0.215928	-0.325434	2
308.105	6.79663	3.46738	4.31453e-07	-0.000151666	-0.723409	0.69042	0	0.8	3
308.305	6.79622	3.43778	-7.87564e-06	-0.000109861	-0.720463	0.693494	0.21518	-0.305279	2
308.505	6.78919	3.3968	3.30813e-05	3.61491e-06	-0.735143	0.677913	0.214406	-0.273229	2
308.705	6.78795	3.37444	-2.68317e-05	1.49063e-05	-0.719976	0.693999	0.214488	-0.277845	2
308.905	6.78649	3.33364	-6.74101e-05	-0.000128499	-0.735202	0.677848	0.21457	-0.281963	2
309.105	6.79142	3.30237	-4.01922e-05	-8.09805e-05	-0.748677	0.662935	0.214069	-0.223909	2
309.305	6.78701	3.26189	-7.33348e-05	-0.000110371	-0.761718	0.647909	0.214108	-0.214561	2
309.505	6.78098	3.22135	-5.31468e-05	-0.000135795	-0.77934	0.626601	0.224922	-0.4364	2
309.705	6.77072	3.19661	-1.60057e-05	-0.000109388	-0.800486	0.599351	0.219169	-0.37993	2
309.905	6.75941	3.16139	9.32397e-07	-6.19832e-05	-0.81997	0.572406	0.218379	-0.369275	2
310.105	6.74598	3.12332	2.56178e-05	-3.39858e-05	-0.837804	0.545971	0.21582	-0.322834	2
310.305	6.72828	3.09817	4.95013e-05	-4.31199e-05	-0.853062	0.521809	0.215042	-0.300801	2
310.505	6.71491	3.07106	1.30927e-05	9.63581e-06	-0.864619	0.502427	0.215626	-0.317982	2
310.705	6.69522	3.03611	1.92713e-05	3.2011e-07	0.878263	-0.478178	0.217926	-0.362603	2
310.905	6.67925	2.97962	-1.73822e-05	5.0166e-05	0.893686	-0.448693	0.217784	-0.360416	2
311.105	6.65511	2.94749	1.04502e-05	3.19112e-05	0.905457	-0.424438	0.215683	-0.319446	2
311.305	6.62888	2.91629	6.0485e-05	8.31614e-05	0.918626	-0.395128	0.239586	-0.723108	2
311.505	6.58603	2.90358	4.21702e-05	6.19696e-05	0.935147	-0.35426	0.23195	-0.414156	2
311.705	6.55285	2.87535	5.98704e-05	7.93974e-05	0.942392	-0.33451	0.229852	-0.234832	2
311.905	6.52475	2.84056	2.3921e-05	6.57933e-05	0.948568	-0.316574	0.229351	-0.286496	2
312.105	6.4926	2.81104	2.00446e-05	1.84974e-05	0.953318	-0.301969	0.228408	-0.227733	2
312.305	6.45684	2.78694	-5.04355e-06	4.74482e-05	0.958226	-0.286013	0.228559	-0.273672	2
312.505	6.40295	2.77603	-3.55205e-05	5.1104e-05	0.96362	-0.267277	0.227879	-0.250378	2
312.705	6.36541	2.75475	-3.03592e-06	4.20792e-05	0.967102	-0.254391	0.227124	-0.200537	2
312.905	6.32734	2.73449	4.50115e-05	6.61016e-05	0.970116	-0.242642	0.227065	-0.215296	2
313.105	6.30087	2.71924	5.99229e-05	4.02529e-05	0.973019	-0.230725	0.227331	-0.254744	2
313.306	6.28288	2.6948	6.74678e-05	6.70968e-05	0.977184	-0.212393	0.226832	-0.221809	2
313.505	6.24304	2.67813	9.91003e-05	1.57999e-05	0.980475	-0.196642	0.226165	-0.171762	2
313.705	6.19781	2.66476	5.10163e-05	5.8581e-05	0.982379	-0.186898	0.226471	-0.205116	2
313.905	6.15707	2.65024	7.04279e-05	6.27644e-05	0.984391	-0.175996	0.225839	-0.17399	2
314.105	6.09022	2.62807	0.00138857	-5.07323e-05	0.989476	-0.144687	0.8	-1.5	1
314.305	5.93671	2.59683	0.00598728	-0.000108082	0.998948	-0.0454693	0.8	-1.5	1
314.506	5.85896	2.59168	0.00683482	-9.02284e-05	0.999613	-0.0269661	0.8	-1.5	1
314.705	5.78854	2.58476	0.00763285	0.00110478	0.997791	-0.0659761	0.8	1.5	1
314.905	5.63284	2.56725	0.0122737	-0.000225132	0.999813	-0.0149385	0.8	-1.5	1
315.105	5.55272	2.56485	0.0127452	0.00106816	0.999025	-0.0422601	0.8	1.5	1
315.305	5.39399	2.55342	0.0172539	0.00129412	0.998912	-0.0432988	0.8	1.5	1
315.505	5.23653	2.53678	0.0218157	0.000207257	0.999379	-0.0276595	0.8	-1.5	1
315.705	5.1165	2.52807	0.0249159	0.00242314	0.99665	-0.0778592	0.8	1.5	1
315.905	4.96103	2.50058	0.0294667	0.00116257	0.998104	-0.0540323	0.8	-1.5	1
316.105	4.80152	2.49504	0.0340134	0.00139327	0.99902	-0.0282907	0.8	1.5	1
316.305	4.64168	2.47097	0.038353	0.00312808	0.994864	-0.0936219	0.8	-1.5	1
316.505	4.48411	2.45437	0.0429888	0.00166885	0.998614	-0.0303251	0.8	1.5	1
316.705	4.32404	2.42602	0.047042	0.00666848	0.989737	-0.134768	0.8	1.5	1
316.905	4.17414	2.36702	0.0507914	0.0096908	0.978989	-0.19725	0.8	-1.5	1
317.106	4.03111	2.32603	0.0553107	0.00835402	0.987662	-0.146268	0.8	1.5	1
317.305	3.88066	2.276	0.0594572	0.00793712	0.987834	-0.143478	0.8	-1.38422	1
317.505	3.7251	2.22407	0.0627565	0.0140291	0.97367	-0.218702	0.8	1.5	1
317.705	3.60218	2.16707	0.0662631	0.0114478	0.981351	-0.180079	0.8	-1.5	1
317.905	3.44646	2.1261	0.0706909	0.011289	0.985201	-0.155735	0.8	1.5	1
318.105	3.33335	2.09198	0.0743015	0.00980001	0.988263	-0.133116	0.8	1.5	1
318.305	3.19117	2.03409	0.0775725	0.0137353	0.981309	-0.175575	0.777634	1.5	1
318.505	3.07809	1.98676	0.0792078	0.0164319	0.975103	-0.20647	0	0	1
318.705	3.08987	1.98761	0.0765871	0.0162378	0.974755	-0.2091	0	1.18549e-06	1
318.905	3.11485	1.98932	0.0739284	0.0161225	0.973751	-0.214669	2.82644e-17	1.09157e-06	1
319.105	3.11464	1.98921	0.0713614	0.0155716	0.973946	-0.214697	0	1.08561e-06	1
319.305	3.0936	1.98865	0.0688336	0.0148307	0.974721	-0.21204	0	1.07955e-06	1
319.505	3.07695	1.98815	0.0662922	0.0141427	0.975359	-0.209954	0	1.07728e-06	1
319.706	3.07675	1.98804	0.0637172	0.0136032	0.975533	-0.209977	0	1.07099e-06	1
319.905	3.07496	1.98794	0.0611405	0.013064	0.975699	-0.210007	0	1.06459e-06	1
320.105	3.07476	1.98783	0.0585623	0.0125239	0.97586	-0.210027	0	1.05808e-06	1
320.305	3.07456	1.98773	0.0559827	0.0119835	0.976014	-0.210046	0	1.05149e-06	1
320.505	3.07405	1.98978	0.0533831	0.0115286	0.975822	-0.211632	0	1.04356e-06	1
320.705	3.0739	1.9897	0.0514347	0.0111174	0.975929	-0.211645	9.4204e-17	1.03678e-06	1
320.905	3.0737	1.9896	0.0488522	0.0105721	0.976064	-0.211661	0	1.02991e-06	1
