time	x	y	orientation_z	orientation_w	linear_vel	angular_vel
1.74543e+09	0.0650993	0.00852513	0.0158109	0.999875	0.823581	0.621437
1.74543e+09	0.0650993	0.00852513	0.0158109	0.999875	0.782483	0.61897
1.74543e+09	0.0650993	0.00852513	0.0158109	0.999875	0.782483	0.61897
1.74543e+09	0.0650993	0.00852513	0.0158109	0.999875	0.782483	0.61897
1.74543e+09	0.0650993	0.00852513	0.0158109	0.999875	0.779125	0.620865
1.74543e+09	0.0650993	0.00852513	0.0158109	0.999875	0.777297	0.62301
1.74543e+09	0.0650993	0.00852513	0.0158109	0.999875	0.782483	0.61897
1.74543e+09	0.0845549	0.00974223	0.0508556	0.998706	0.797529	0.613981
1.74543e+09	0.265529	0.0233978	0.0930481	0.995662	0.817643	0.405177
1.74543e+09	0.387567	0.0490752	0.121621	0.992577	0.837516	0.356809
1.74543e+09	0.546693	0.0930792	0.145142	0.989411	0.853362	0.311182
1.74543e+09	0.789644	0.176641	0.19428	0.980946	0.776912	0.403153
1.74543e+09	0.985876	0.27116	0.252343	0.967638	0.890978	0.226989
1.74543e+09	1.06946	0.319335	0.265015	0.964244	0.887156	0.159054
1.74543e+09	1.15401	0.369861	0.26573	0.964047	0.89723	0.0858988
1.74543e+09	1.35191	0.488182	0.264142	0.964484	0.83447	0.124881
1.74543e+09	1.45752	0.54862	0.253054	0.967452	0.167552	0.617869
1.74543e+09	1.5422	0.599236	0.314608	0.949222	0.103369	0.718164
1.74543e+09	1.61202	0.363825	0.238383	0.971171	0.189875	0.335737
1.74543e+09	1.64839	0.385639	0.297891	0.9546	0	1
1.74543e+09	1.68056	0.410815	0.3746	0.927186	0.19382	0.527821
1.74543e+09	1.72149	0.457526	0.410671	0.911783	0.19382	0.527821
1.74543e+09	1.83215	0.568605	0.38917	0.921166	0.21583	-0.12685
1.74543e+09	1.91308	0.648691	0.327635	0.944804	0.687585	-0.967554
1.74543e+09	2.07721	0.735488	0.169367	0.985553	0	1
1.74543e+09	2.21449	0.778645	0.135841	0.990731	0	0
1.74543e+09	2.31481	0.786956	0.166183	0.986095	0	0
1.74543e+09	2.3233	0.789944	0.182805	0.983149	0.726838	-1.14756
1.74543e+09	2.36138	0.798855	0.0650935	0.997879	0.683274	-0.861825
1.74543e+09	2.48562	0.801962	-0.0386368	0.999253	0.780871	-0.686744
1.74543e+09	2.69205	0.767675	-0.114336	0.993442	0	0
1.74543e+09	2.7898	0.746182	-0.0771985	0.997016	0	0
1.74543e+09	2.80036	0.74446	-0.0973079	0.995254	0	0
1.74543e+09	2.77807	0.748706	-0.0847545	0.996402	0	0
1.74543e+09	2.77497	0.749225	-0.0795892	0.996828	0	0
1.74543e+09	2.55412	1.18068	0.227534	0.97377	0	0
1.74543e+09	2.55412	1.18068	0.227534	0.97377	0	0
1.74543e+09	2.55595	1.18157	0.22157	0.975145	0.628276	-1.62249
1.74543e+09	2.65523	1.20638	0.0544867	0.998514	0.626739	-1.26737
1.74543e+09	2.81188	1.21005	-0.0481024	0.998842	0.621541	-1.07547
1.74543e+09	2.94617	1.18623	-0.136272	0.990671	0.659603	-0.867185
1.74543e+09	3.10263	1.12501	-0.243743	0.96984	0.171976	-0.613049
1.74543e+09	3.1456	1.10001	-0.29201	0.956415	0.211024	-0.362144
1.74543e+09	3.16961	1.08107	-0.344427	0.938813	0.857946	-0.260917
1.74543e+09	3.25859	1.00187	-0.365024	0.930998	0.847323	-0.196161
1.74543e+09	3.33236	0.807169	-0.381701	0.924286	0.930097	-0.018197
1.74543e+09	3.52137	0.602664	-0.412516	0.91095	0.827924	0.305231
1.74543e+09	3.64398	0.467917	-0.385461	0.922724	0.19382	-0.527821
1.74543e+09	3.77785	0.333025	-0.387033	0.922066	0.21583	0.12685
1.74543e+09	3.84343	0.270021	-0.35222	0.935917	0.726183	0.768909
1.74543e+09	3.9446	0.192202	-0.287353	0.957825	0.21583	0.12685
1.74543e+09	4.00587	0.154105	-0.252693	0.967546	0.737006	0.723818
1.74543e+09	4.13236	0.0957638	-0.189907	0.981802	0.7981	0.617291
1.74543e+09	4.31248	0.0364566	-0.117272	0.9931	0.745358	0.484936
1.74543e+09	4.46444	-0.144295	-0.108355	0.994112	0.78471	0.571111
1.74543e+09	4.7015	-0.178798	-0.0298737	0.999554	0.752985	0.378609
1.74543e+09	4.85272	-0.181785	0.0129925	0.999916	0.805722	0.251174
1.74543e+09	5.09569	-0.164938	0.0578566	0.998325	0.856435	0.294403
1.74543e+09	5.34106	-0.126557	0.0977569	0.99521	0.797684	0.18553
1.74543e+09	5.58146	-0.071474	0.124631	0.992203	0.896413	0.111598
1.74543e+09	5.74277	-0.0302235	0.124091	0.992271	0.83229	0.205739
1.74543e+09	5.97359	0.0318949	0.144464	0.98951	0.60623	0.258081
1.74543e+09	6.09197	0.069471	0.165149	0.986269	0.477438	0.261751
1.74543e+09	6.17281	0.159939	0.19869	0.980062	0.348498	0.0123972
1.74543e+09	6.2248	0.182867	0.214297	0.976769	0.286421	-0.0512186
1.74543e+09	6.26888	0.203457	0.21697	0.976178	0.235425	-0.0970528
1.74543e+09	6.32593	0.229166	0.198665	0.980067	0.170192	-0.0956687
1.74543e+09	6.36789	0.245898	0.176459	0.984308	0.12022	-0.0502727
1.74543e+09	6.39258	0.254644	0.162974	0.98663	0	0
1.74543e+09	6.39813	0.256525	0.158256	0.987398	0	0
1.74543e+09	6.39458	0.255351	0.158967	0.987284	0	0
1.74543e+09	6.371	0.202409	0.187643	0.982237	0	0
1.74543e+09	6.37803	0.205247	0.194897	0.980824	0.125781	0.428808
1.74543e+09	6.40165	0.215803	0.227183	0.973852	0.109095	0.432564
1.74543e+09	6.42672	0.229635	0.281889	0.959447	0	0
1.74543e+09	6.42462	0.228277	0.280108	0.959969	0	0
1.74543e+09	6.42033	0.225598	0.269838	0.962906	0	0
1.74543e+09	6.42058	0.225754	0.270704	0.962663	0	0
1.74543e+09	6.42058	0.225754	0.270704	0.962663	0	0
1.74543e+09	6.42058	0.225754	0.270704	0.962663	0	0
1.74543e+09	6.51338	0.288854	0.259904	0.965634	0	0
1.74543e+09	6.51338	0.288854	0.259904	0.965634	0	0
1.74543e+09	6.51338	0.288854	0.259904	0.965634	0	0
1.74543e+09	6.51338	0.288854	0.259904	0.965634	0	0
1.74543e+09	6.51338	0.288854	0.259904	0.965634	0	0
1.74543e+09	6.51338	0.288854	0.259904	0.965634	0	0
1.74543e+09	6.51338	0.288854	0.259904	0.965634	0	0
1.74543e+09	6.51338	0.288854	0.259904	0.965634	0	0
1.74543e+09	6.51934	0.289777	0.258129	0.966111	0	0
1.74543e+09	6.51934	0.289777	0.258129	0.966111	0	0
1.74543e+09	6.51934	0.289777	0.258129	0.966111	0	0
1.74543e+09	6.51934	0.289777	0.258129	0.966111	0	0
1.74543e+09	6.51934	0.289777	0.258129	0.966111	0	0
1.74543e+09	6.51934	0.289777	0.258129	0.966111	0	0
1.74543e+09	6.51934	0.289777	0.258129	0.966111	0	0
1.74543e+09	6.51934	0.289777	0.258129	0.966111	0	0
