time	x	y	orientation_z	orientation_w	linear_vel	angular_vel
1.7453e+09	0.0224956	0.00305965	-0.00123494	0.999999	0.946324	-0.00518572
1.7453e+09	0.189523	0.00263444	-0.00106176	0.999999	0.945839	-0.00203896
1.7453e+09	0.375518	0.00197158	-0.00292441	0.999996	0.949287	0.000189321
1.7453e+09	0.610996	-0.00252793	-0.0182536	0.999833	0.939096	0.0316799
1.7453e+09	0.810666	-0.0105951	-0.0203038	0.999794	0.924106	-0.00451784
1.7453e+09	1.00033	-0.0370482	-0.0351143	0.999383	0.943085	0.0310183
1.7453e+09	1.27208	-0.0611823	-0.0287665	0.999586	0.789168	0.175834
1.7453e+09	1.51501	-0.0859375	-0.0146119	0.999893	0.537284	0.296112
1.7453e+09	1.6229	-0.0868545	0.012085	0.999927	0.419271	0.307888
1.7453e+09	1.73164	-0.0487086	0.0558365	0.99844	0.292883	0.136857
1.7453e+09	1.78131	-0.0419044	0.0819065	0.99664	0.237797	0.0667525
1.7453e+09	1.7911	-0.0559567	0.0985586	0.995131	0.227621	0.107084
1.7453e+09	1.84458	-0.0447497	0.105144	0.994457	0.173014	0.0950818
1.7453e+09	1.96263	-0.0335357	0.112727	0.993626	0	0
1.7453e+09	1.9799	-0.0295609	0.11219	0.993687	0	0
1.7453e+09	1.96806	-0.0608981	0.114116	0.993467	0	0
1.7453e+09	1.96575	-0.0614294	0.110836	0.993839	0	0
1.7453e+09	1.97798	-0.065194	0.112508	0.993651	0	0
1.7453e+09	1.97798	-0.065194	0.112508	0.993651	0	0
1.7453e+09	1.98381	-0.0587748	0.113163	0.993576	0	0
1.7453e+09	1.98381	-0.0587748	0.113163	0.993576	0	0
1.7453e+09	1.97912	-0.0618998	0.113163	0.993576	0	0
1.7453e+09	1.97912	-0.0618998	0.113163	0.993576	0	0
1.7453e+09	1.98225	-0.0603373	0.113163	0.993576	0.624758	-0.349307
1.7453e+09	1.99498	-0.0575892	0.096792	0.995305	0.866455	-0.162709
1.7453e+09	2.16048	-0.0320222	0.068678	0.997639	0.870685	-0.0399564
1.7453e+09	2.42773	0.00193803	0.0496218	0.998768	0.897809	-0.19722
1.7453e+09	2.64834	0.0505958	0.0290455	0.999578	0.93521	-0.0774525
1.7453e+09	2.82503	0.058479	0.0157156	0.999877	0.912645	-0.0306111
1.7453e+09	3.06537	0.0230565	-0.0025242	0.999997	0.943215	0.0112876
1.7453e+09	3.2452	0.0225261	0.00115205	0.999999	0.942845	0.00936095
1.7453e+09	3.47451	-0.0129733	0.00882347	0.999961	0.942893	0.0111775
1.7453e+09	3.74471	-0.00560489	0.0174826	0.999847	0.926292	-0.0693702
1.7453e+09	3.9116	0.00247937	0.00771973	0.99997	0.921806	-0.0819815
1.7453e+09	4.16061	0.00195737	-0.019184	0.999816	0.831756	0.0742285
1.7453e+09	4.41752	-0.0196188	-0.0124638	0.999922	0.924074	0.0372522
1.7453e+09	4.67405	-0.0222003	0.00362095	0.999993	0.851536	0.000273462
1.7453e+09	4.86894	-0.0176932	0.00447882	0.99999	0.847949	-0.0258422
1.7453e+09	5.04871	-0.0160828	0.00410863	0.999992	0.855097	-0.0241895
1.7453e+09	5.38012	-0.0299521	0.000898896	1	0.9303	-0.00485692
1.7453e+09	5.55246	-0.0301009	-0.00333039	0.999994	0.939896	0.0209444
1.7453e+09	5.79674	-0.0324787	-0.000484948	1	0.865094	0.069035
1.7453e+09	6.06556	-0.0316504	0.00539315	0.999985	0.891075	0.197067
1.7453e+09	6.28899	-0.0224913	0.0194417	0.999811	0.892787	0.179015
1.7453e+09	6.53303	-0.00418884	0.0583797	0.998294	0.82625	0.142232
1.7453e+09	6.69961	-0.0745769	0.0866364	0.99624	0.848731	0.105559
1.7453e+09	6.95366	-0.0238233	0.114275	0.993449	0.74957	0.354048
1.7453e+09	7.11768	0.0086622	0.147692	0.989033	0.598329	0.377471
1.7453e+09	7.27872	0.0642543	0.194848	0.980833	0.412651	0.415219
1.7453e+09	7.38017	0.130749	0.257154	0.966371	0.283243	0.29389
1.7453e+09	7.44031	0.169112	0.305045	0.952338	0.208915	0.196681
1.7453e+09	7.54422	0.251629	0.331164	0.943573	0	0
1.7453e+09	7.54135	0.247091	0.332388	0.943143	0	0
1.7453e+09	7.53491	0.241982	0.3244	0.94592	0	0
1.7453e+09	7.52921	0.261268	0.327583	0.944822	0	0
1.7453e+09	7.5295	0.261491	0.327583	0.944822	0	0
1.7453e+09	7.52279	0.2422	0.328313	0.944569	0	0
1.7453e+09	7.5228	0.239055	0.328351	0.944556	0	0
1.7453e+09	7.5228	0.239055	0.328351	0.944556	0	0
1.7453e+09	7.5228	0.238448	0.328351	0.944556	0	0
1.7453e+09	7.5228	0.237493	0.328351	0.944556	0	0
1.7453e+09	7.52341	0.237493	0.328351	0.944556	0	0
1.7453e+09	7.52437	0.237493	0.328351	0.944556	0.100727	4.09094
1.7453e+09	7.53307	0.244808	0.360903	0.932603	0.0809195	5.63454
1.7453e+09	7.54871	0.256102	0.423522	0.905886	0.14518	4.90111
1.7453e+09	7.56725	0.286899	0.565731	0.82459	0.195025	3.3087
1.7453e+09	7.53153	0.297446	0.681524	0.731796	0.276837	3.5083
1.7453e+09	7.52908	0.348137	0.767083	0.641547	0.352137	2.4162
1.7453e+09	7.48869	0.418259	0.855484	0.517829	0.444145	1.94167
1.7453e+09	7.43521	0.477598	0.904546	0.426377	0.500688	1.55046
1.7453e+09	7.31189	0.55586	0.957583	0.288158	0.65148	1.09945
1.7453e+09	7.16036	0.644636	0.995032	0.0995582	0.682872	0.624271
1.7453e+09	7.01664	0.661829	0.999743	0.0226803	0.867071	0.177659
1.7453e+09	6.8199	0.648534	0.999762	-0.0218309	0.911761	0.0518189
1.7453e+09	6.64851	0.638388	0.999369	-0.0355091	0.911182	-0.0160123
1.7453e+09	6.4754	0.626894	0.999684	-0.0251331	0.853046	-0.0358911
1.7453e+09	6.21181	0.6476	0.999961	0.00885828	0.912867	0.0737595
1.7453e+09	6.0373	0.625367	0.999998	0.00190526	0.835313	0.153759
1.7453e+09	5.77291	0.55904	0.999145	-0.0413485	0.90953	-0.0613842
1.7453e+09	5.59984	0.543158	0.998767	-0.0496514	0.850757	-0.109721
1.7453e+09	5.34261	0.439444	0.998245	-0.0592137	0.879615	-0.172413
1.7453e+09	5.06571	0.427372	0.999641	-0.0268097	0.93178	-0.0433101
1.7453e+09	4.89495	0.421394	0.999952	-0.00976906	0.961229	0.0287459
1.7453e+09	4.58745	0.41042	0.999959	-0.00906277	0.934302	0.0581562
1.7453e+09	4.40769	0.40512	0.999761	-0.0218498	0.917657	0.0498669
1.7453e+09	4.25942	0.391771	0.999277	-0.0380284	0.847766	0.0318649
1.7453e+09	3.99252	0.367878	0.998674	-0.0514801	0.922607	0.0306838
1.7453e+09	3.70998	0.329441	0.998794	-0.0491063	0.942737	0.0644261
1.7453e+09	3.53028	0.311728	0.998794	-0.0491063	0.928635	0.0770677
1.7453e+09	3.33711	0.310612	0.998522	-0.0543482	0.829444	0.0915897
1.7453e+09	3.08119	0.279824	0.997712	-0.0676013	0.920743	0.163081
1.7453e+09	2.91995	0.103069	0.994119	-0.108295	0.810958	0.0320045
1.7453e+09	2.67106	0.0452754	0.993523	-0.113631	0.718207	-0.220714
1.7453e+09	2.46916	0.0061506	0.996722	-0.0808966	0.506839	-0.237712
1.7453e+09	2.32532	0.0171546	0.999422	-0.0340009	0.356048	-0.161668
1.7453e+09	2.26323	0.0143485	0.999958	-0.0091571	0.279654	0.0167801
1.7453e+09	2.16765	-0.046936	0.999998	-0.00203526	0.187147	-0.377216
1.7453e+09	2.13394	-0.047063	0.999998	0.00204923	0.150814	-0.474551
1.7453e+09	2.10112	-0.012807	0.999532	0.0306035	0.109658	-0.138317
1.7453e+09	2.08092	-0.0107901	0.997373	0.0724338	0	0
1.7453e+09	2.07019	0.0319215	0.996723	0.0808927	0	0
1.7453e+09	2.07608	0.0310245	0.997584	0.0694711	0	0
1.7453e+09	2.03994	-0.00166788	0.997366	0.0725283	0	0
1.7453e+09	2.03541	-0.0202041	0.997373	0.0724431	0	0
1.7453e+09	2.03541	-0.0202041	0.997373	0.0724431	0	0
1.7453e+09	2.03549	9.22951e-05	0.997366	0.072531	0	0
1.7453e+09	2.03549	9.22951e-05	0.997366	0.072531	0	0
1.7453e+09	2.03549	-0.0092827	0.997366	0.072531	0	0
1.7453e+09	2.03531	-0.00925686	0.997484	0.0708852	0.034223	3.91492
1.7453e+09	2.03113	-0.0226574	0.999892	0.0146888	0.0726212	4.61888
1.7453e+09	2.00919	-0.0250252	0.991969	-0.126478	0.192962	4.47334
1.7453e+09	1.98247	-0.0354732	0.968647	-0.248443	0.0367974	3.7229
1.7453e+09	2.005	0.0390268	0.935277	-0.353916	0.102001	3.48089
1.7453e+09	1.9932	0.0262402	0.889349	-0.45723	0.185873	3.37177
1.7453e+09	1.94349	-0.0686303	-0.829089	0.559117	0.230783	2.95309
1.7453e+09	1.93065	-0.111123	-0.771599	0.636109	0.272256	2.86906
1.7453e+09	1.90905	-0.207906	-0.671741	0.740786	0.360718	2.42442
1.7453e+09	1.92301	-0.281653	-0.593345	0.804948	0.362626	0.406148
1.7453e+09	1.95464	-0.365226	-0.507628	0.861576	0.443582	2.18357
1.7453e+09	2.028	-0.471915	-0.385307	0.922788	0.530137	1.79669
1.7453e+09	2.15789	-0.570898	-0.244242	0.969714	0.601216	1.36507
1.7453e+09	2.32471	-0.645284	-0.0969141	0.995293	0.618549	1.02235
1.7453e+09	2.49259	-0.659902	0.0321859	0.999482	0.795334	0.170886
1.7453e+09	2.60429	-0.647183	0.0722492	0.997387	0.879743	0.00856783
1.7453e+09	2.87413	-0.601978	0.0945931	0.995516	0.814512	0.189105
1.7453e+09	3.14265	-0.592769	0.0960457	0.995377	0.723284	0.185212
1.7453e+09	3.38193	-0.506343	0.101894	0.994795	0.836177	0.155798
1.7453e+09	3.5472	-0.401631	0.126615	0.991952	0.80985	-0.0660982
1.7453e+09	3.7942	-0.335657	0.128819	0.991668	0.856343	-0.18862
1.7453e+09	3.89879	-0.178428	0.183517	0.983017	0.829304	-0.556183
1.7453e+09	4.06066	-0.119261	0.157	0.987599	0.847989	-0.304207
1.7453e+09	4.3835	0.0075645	0.0891784	0.996016	0.778745	-0.154609
1.7453e+09	4.62155	0.0389911	0.0447615	0.998998	0.811996	-0.178129
1.7453e+09	4.74822	0.0474471	0.0325137	0.999471	0.860281	-0.148518
1.7453e+09	5.01435	0.0603995	0.0173383	0.99985	0.832101	-0.0297813
1.7453e+09	5.17806	0.0306269	0.0191626	0.999816	0.856132	-0.00418824
1.7453e+09	5.46795	0.0474317	0.0197313	0.999805	0.863363	-0.0709338
1.7453e+09	5.69401	0.06572	0.0174537	0.999848	0.799806	-0.123785
1.7453e+09	5.95944	0.0718557	0.00451595	0.99999	0.858479	-0.0131763
1.7453e+09	6.06378	0.00697295	0.000538495	1	0.923038	0.0994354
1.7453e+09	6.24484	0.00661326	-0.00147012	0.999999	0.929986	0.171424
1.7453e+09	6.56167	0.0242769	0.0201788	0.999796	0.777047	0.211191
1.7453e+09	6.73082	0.0342207	0.0422282	0.999108	0.870841	0.269072
1.7453e+09	6.90847	0.0556288	0.0701335	0.997538	0.767979	0.315723
1.7453e+09	7.15243	0.100684	0.114162	0.993462	0.521625	0.311853
1.7453e+09	7.28686	0.096055	0.149037	0.988832	0.382296	0.461008
1.7453e+09	7.37113	0.126293	0.201846	0.979417	0.28981	0.438659
1.7453e+09	7.48569	0.154922	0.263758	0.964589	0.187764	0.658727
1.7453e+09	7.5172	0.175261	0.312081	0.950055	0.149823	0.685692
1.7453e+09	7.5423	0.229216	0.380631	0.924727	0	0
1.7453e+09	7.55296	0.240682	0.441859	0.897084	0	0
1.7453e+09	7.52194	0.198618	0.426391	0.904539	0.114093	0.179951
1.7453e+09	7.52346	0.200398	0.420868	0.907122	0.116659	0.21625
1.7453e+09	7.59025	0.217376	0.458453	0.888718	0	0
1.7453e+09	7.60605	0.250592	0.507778	0.861488	0	0
1.7453e+09	7.60945	0.275365	0.529616	0.848237	0	0
1.7453e+09	7.58275	0.275941	0.52098	0.853569	0	0
1.7453e+09	7.59179	0.274034	0.52583	0.85059	0	0
1.7453e+09	7.60425	0.269877	0.532457	0.846457	0	0
1.7453e+09	7.60391	0.269036	0.530601	0.847621	0.209603	3.2121
1.7453e+09	7.61221	0.294675	0.596277	0.802779	0.214228	3.16496
1.7453e+09	7.62126	0.356623	0.71089	0.703303	0.293393	2.70382
1.7453e+09	7.61375	0.41736	0.790403	0.612588	0.317414	2.36925
1.7453e+09	7.59238	0.533531	0.862204	0.506562	0.440078	1.97336
1.7453e+09	7.56243	0.616609	0.908239	0.418452	0.463219	1.66919
1.7453e+09	7.45055	0.714987	0.958488	0.285131	0.597327	1.11448
1.7453e+09	7.30967	0.815857	0.990076	0.140535	0.749033	0.659171
1.7453e+09	7.1675	0.844953	0.998153	0.0607476	0.743662	0.36833
1.7453e+09	6.86359	0.690912	0.999965	0.00831862	0.920109	0.13093
1.7453e+09	6.69707	0.692763	0.999971	0.00759636	0.840477	0.096326
1.7453e+09	6.53227	0.69743	0.999854	0.0170607	0.843708	0.129873
1.7453e+09	6.2654	0.709469	0.999706	0.0242328	0.823566	0.0994397
1.7453e+09	5.91957	0.712084	0.999425	-0.0339065	0.909406	-0.0159496
1.7453e+09	5.65825	0.690463	0.99897	-0.0453699	0.931409	-0.00612446
1.7453e+09	5.55236	0.583009	0.998097	-0.0616575	0.925342	-0.0119074
1.7453e+09	5.28682	0.552047	0.998748	-0.0500172	0.907349	-0.11141
1.7453e+09	5.13924	0.555537	0.999384	-0.0350995	0.932726	-0.0606863
1.7453e+09	4.96564	0.545905	0.99982	-0.0189582	0.84778	-0.0230026
1.7453e+09	4.56894	0.566336	0.999437	-0.0335381	0.920394	0.0571806
1.7453e+09	4.30206	0.543632	0.998576	-0.0533396	0.933299	0.0205153
1.7453e+09	4.09254	0.498052	0.99855	-0.0538365	0.9293	0.0257959
1.7453e+09	3.82718	0.468287	0.998325	-0.0578566	0.838081	0.0865701
1.7453e+09	3.5051	0.451291	0.998006	-0.0631186	0.809233	0.120304
1.7453e+09	3.20687	0.422894	0.996991	-0.0775143	0.899942	0.2561
1.7453e+09	2.95913	0.377651	0.994236	-0.107214	0.883857	0.256079
1.7453e+09	2.83894	0.339162	0.9865	-0.163764	0.888271	0.11426
1.7453e+09	2.67826	0.279631	0.981884	-0.189485	0.7839	0.0441438
1.7453e+09	2.37865	0.16332	0.982741	-0.184986	0.463729	0.0428824
1.7453e+09	2.28351	0.126455	0.983621	-0.18025	0.343212	0.0636465
1.7453e+09	2.17504	0.107115	0.979627	-0.200824	0.214738	0.203023
1.7453e+09	2.14564	0.0942431	0.977336	-0.211694	0.177738	0.225114
1.7453e+09	2.08801	0.0841369	0.975116	-0.221694	0.12989	0.466345
1.7453e+09	2.05834	0.0684869	0.962184	-0.272401	0	0
1.7453e+09	2.05688	0.0681772	0.948358	-0.317202	0	0
1.7453e+09	2.09277	0.0571335	0.954325	-0.298769	0	0
1.7453e+09	2.08916	0.0546844	0.955587	-0.29471	0.106057	-0.0682035
1.7453e+09	2.07104	0.0397988	0.95378	-0.300506	0	0
1.7453e+09	2.05341	0.0234703	0.951838	-0.306601	0	0
1.7453e+09	2.01946	0.0363218	0.954014	-0.299762	0	0
1.7453e+09	2.02438	0.0392002	0.951886	-0.306451	0	0
1.7453e+09	2.02438	0.0392002	0.951886	-0.306451	0	0
1.7453e+09	2.03	0.0849468	0.952003	-0.306088	0	0
1.7453e+09	2.03068	0.0812213	0.952096	-0.3058	0	0
1.7453e+09	2.03175	0.0753082	0.952242	-0.305344	0.0996119	3.64439
1.7453e+09	2.0142	0.0508784	0.933061	-0.359719	0.144123	3.67457
1.7453e+09	1.99071	0.0105286	0.899444	-0.437036	0.138207	4.6337
1.7453e+09	1.97317	-0.0167468	-0.846386	0.53257	0.200169	3.05486
1.7453e+09	1.97888	-0.0591985	-0.749472	0.662035	0.272366	2.78181
1.7453e+09	1.95727	-0.161484	-0.625437	0.780275	0.333241	3.08052
1.7453e+09	1.98288	-0.259442	-0.509328	0.860572	0.438909	1.94968
1.7453e+09	2.03405	-0.335222	-0.41964	0.90769	0.477551	1.58831
1.7453e+09	2.14292	-0.414375	-0.267402	0.963585	0.596283	1.05945
1.7453e+09	2.31883	-0.487443	-0.115111	0.993353	0.681168	0.909783
1.7453e+09	2.50961	-0.47825	-0.0233432	0.999728	0.679041	0.701068
1.7453e+09	2.72693	-0.46532	0.0775358	0.99699	0.856654	0.251097
1.7453e+09	2.91853	-0.503663	0.117094	0.993121	0.809248	0.158687
1.7453e+09	3.0849	-0.461465	0.12829	0.991737	0.833047	0.0103705
1.7453e+09	3.36353	-0.366947	0.115332	0.993327	0.842098	0.0924606
1.7453e+09	3.57528	-0.275386	0.112454	0.993657	0.783483	-0.2645
1.7453e+09	3.71152	-0.209996	0.106493	0.994313	0.912438	-0.152208
1.7453e+09	3.90828	-0.115553	0.0823237	0.996606	0.81746	-0.0444093
1.7453e+09	4.07657	-0.0895651	0.0703265	0.997524	0.934094	-0.0446503
1.7453e+09	4.26936	-0.141426	0.105039	0.994468	0.836979	-0.1078
1.7453e+09	4.48592	-0.079591	0.0909188	0.995858	0.91959	-0.115507
1.7453e+09	4.80957	-0.00563128	0.062031	0.998074	0.83163	-0.217478
1.7453e+09	5.03828	-0.0040583	0.0324079	0.999475	0.822495	-0.0991248
1.7453e+09	5.2953	0.00581231	0.00479668	0.999988	0.927121	-0.00713956
1.7453e+09	5.4684	-0.0793056	0.0114583	0.999934	0.92172	0.173786
1.7453e+09	5.6518	-0.074025	0.0214483	0.99977	0.889691	0.152378
1.7453e+09	6.05854	-0.0433621	0.0396949	0.999212	0.921299	0.146019
1.7453e+09	6.31247	-0.0169272	0.0668851	0.997761	0.917005	0.0688692
1.7453e+09	6.47706	0.0565561	0.0732633	0.997313	0.924944	-0.00779588
1.7453e+09	6.73771	0.0965764	0.0752924	0.997161	0.908169	0.107341
1.7453e+09	6.88573	0.0732004	0.0670503	0.99775	0.747875	0.146044
1.7453e+09	7.11432	0.106642	0.0847694	0.996401	0.551281	0.318456
1.7453e+09	7.25463	0.123155	0.119024	0.992891	0.421932	0.356661
1.7453e+09	7.35148	0.15195	0.181579	0.983376	0.291961	0.341068
1.7453e+09	7.40145	0.167335	0.222652	0.974898	0.244796	0.265745
1.7453e+09	7.43811	0.186345	0.254001	0.967204	0.199052	0.242948
1.7453e+09	7.56373	0.275862	0.273055	0.961998	0.105059	0.221012
1.7453e+09	7.5838	0.288668	0.290117	0.956991	0	0
1.7453e+09	7.58284	0.284859	0.28743	0.957802	0	0
1.7453e+09	7.57772	0.276563	0.278474	0.960444	0	0
1.7453e+09	7.58239	0.275635	0.29914	0.954209	0	0
1.7453e+09	7.58239	0.275635	0.29914	0.954209	0	0
1.7453e+09	7.53441	0.181367	0.300137	0.953896	0.121892	0.863716
1.7453e+09	7.55555	0.195764	0.360249	0.932856	0.111113	0.879409
1.7453e+09	7.5761	0.211752	0.420561	0.907264	0	0
1.7453e+09	7.59518	0.227042	0.502399	0.864636	0	0
1.7453e+09	7.63166	0.236875	0.464086	0.88579	0	0
1.7453e+09	7.63711	0.245016	0.485824	0.874057	0.148	3.58739
1.7453e+09	7.60583	0.287679	0.607155	0.794584	0.200244	3.11993
1.7453e+09	7.61223	0.326316	0.690525	0.723308	0.24391	2.91921
1.7453e+09	7.60466	0.382799	0.815245	0.579116	0.381603	2.11925
1.7453e+09	7.56494	0.488123	0.86721	0.497942	0.468741	1.69964
1.7453e+09	7.51064	0.56353	0.913327	0.407228	0.493102	1.65882
1.7453e+09	7.39107	0.665713	0.960079	0.279731	0.65036	1.08691
1.7453e+09	7.28591	0.789395	0.992441	0.12272	0.71496	0.66679
1.7453e+09	7.1437	0.813727	0.998845	0.0480417	0.740113	0.356363
1.7453e+09	6.90406	0.734697	0.999631	-0.0271461	0.920872	0.0100897
1.7453e+09	6.70608	0.717224	0.999649	-0.0265096	0.924426	-0.0269098
1.7453e+09	6.4873	0.697956	0.99993	-0.0118094	0.929627	-0.0371273
1.7453e+09	6.22511	0.700266	0.999743	0.0226493	0.854317	0.13228
1.7453e+09	5.91786	0.56677	0.999813	-0.0193291	0.914407	0.00120625
1.7453e+09	5.66473	0.521485	0.997689	-0.0679404	0.864673	-0.0591307
1.7453e+09	5.48525	0.496119	0.997576	-0.0695888	0.837972	-0.169948
1.7453e+09	5.3099	0.473394	0.998351	-0.0573975	0.807802	-0.105808
1.7453e+09	5.05613	0.431348	0.999706	-0.0242423	0.913434	-0.017294
1.7453e+09	4.74877	0.568689	0.99975	-0.022354	0.838827	0.05955
1.7453e+09	4.57764	0.561043	0.999702	-0.0244038	0.788288	0.0584919
1.7453e+09	4.32608	0.544877	0.999109	-0.0422124	0.925788	0.0568967
1.7453e+09	4.09445	0.503026	0.998546	-0.05391	0.884742	0.0476257
1.7453e+09	3.84558	0.447697	0.998292	-0.0584144	0.929135	0.0896722
1.7453e+09	3.7065	0.38856	0.998156	-0.0607065	0.940128	0.0787037
1.7453e+09	3.44437	0.355086	0.997782	-0.0665681	0.838093	0.0761757
1.7453e+09	3.1873	0.338119	0.998426	-0.0560868	0.807872	0.114893
1.7453e+09	2.94755	0.295881	0.997251	-0.0740919	0.878318	0.215247
1.7453e+09	2.80452	0.248024	0.994952	-0.100357	0.875503	0.161589
1.7453e+09	2.56747	0.191642	0.991223	-0.132201	0.650552	0.104076
1.7453e+09	2.32181	0.166991	0.988201	-0.153165	0.410308	0.223481
1.7453e+09	2.20979	0.13006	0.98449	-0.17544	0.261114	0.312035
1.7453e+09	2.16486	0.111841	0.976837	-0.213986	0.206508	0.273581
1.7453e+09	2.16484	0.117295	0.966491	-0.256699	0.161205	0.208247
1.7453e+09	2.20775	0.144644	0.958345	-0.285613	0.261431	0.0772418
1.7453e+09	2.07865	0.088903	0.952573	-0.30431	0.179357	0.0839348
1.7453e+09	2.04385	0.0640356	0.951394	-0.307977	0	0
1.7453e+09	2.07797	0.0539685	0.949941	-0.312431	0	0
1.7453e+09	2.08514	0.0592	0.951825	-0.306641	0.0973284	-0.0317112
1.7453e+09	2.01278	-0.00747946	0.949741	-0.313038	0	0
1.7453e+09	2.00937	-0.0100021	0.949289	-0.314405	0	0
1.7453e+09	2.02323	-0.00345578	0.948697	-0.316188	0	0
1.7453e+09	2.02357	-0.00320406	0.948867	-0.315676	0	0
1.7453e+09	2.06883	0.000569487	0.948028	-0.318187	0	0
1.7453e+09	2.00868	0.000385192	0.947774	-0.318944	0	0
1.7453e+09	2.00807	0.000385192	0.947774	-0.318944	0	0
1.7453e+09	2.00711	0.000385192	0.947774	-0.318944	0	0
1.7453e+09	2.01024	0.00194769	0.947774	-0.318944	0	0
1.7453e+09	2.01024	0.00194769	0.947774	-0.318944	0	0
1.7453e+09	2.01024	0.00194769	0.947774	-0.318944	0	0
1.7453e+09	2.01024	0.00194769	0.947774	-0.318944	0	0
1.7453e+09	2.00868	0.00351019	0.947774	-0.318944	0	0
1.7453e+09	2.00868	0.00351019	0.947774	-0.318944	0	0
1.7453e+09	2.00868	0.00194769	0.947774	-0.318944	0	0
1.7453e+09	2.00868	0.00194769	0.947774	-0.318944	0	0
1.7453e+09	2.00868	0.000385192	0.947774	-0.318944	0	0
1.7453e+09	2.00868	0.000385192	0.947774	-0.318944	0	0
1.7453e+09	2.00868	0.00194769	0.947774	-0.318944	0	0
1.7453e+09	2.00868	0.00194769	0.947774	-0.318944	0	0
1.7453e+09	2.00868	0.000385192	0.947774	-0.318944	0	0
1.7453e+09	2.00868	0.000385192	0.947774	-0.318944	0	0
1.7453e+09	2.00868	0.00194769	0.947774	-0.318944	0	0
1.7453e+09	2.00868	0.000385192	0.947774	-0.318944	0	0
1.7453e+09	2.00868	0.000385192	0.947774	-0.318944	0	0
1.7453e+09	2.00868	0.000385192	0.947774	-0.318944	0	0
1.7453e+09	2.00868	0.000385192	0.947774	-0.318944	0	0
1.7453e+09	2.01024	0.00194769	0.947774	-0.318944	0	0
1.7453e+09	2.01024	0.00194769	0.947774	-0.318944	0	0
1.7453e+09	2.01024	0.00194769	0.947774	-0.318944	0	0
1.7453e+09	2.01024	0.00194769	0.947774	-0.318944	0	0
1.7453e+09	2.01024	0.00194769	0.947774	-0.318944	0	0
1.7453e+09	2.01024	0.00194769	0.947774	-0.318944	0	0
1.7453e+09	2.01024	0.00194769	0.947774	-0.318944	0	0
1.7453e+09	2.01024	0.00194769	0.947774	-0.318944	0	0
1.7453e+09	2.00963	0.00194769	0.947774	-0.318944	0	0
1.7453e+09	2.00868	0.00194769	0.947774	-0.318944	0	0
1.7453e+09	2.00868	0.00134235	0.947774	-0.318944	0	0
1.7453e+09	2.00868	0.000385192	0.947774	-0.318944	0	0
1.7453e+09	2.00868	0.000385192	0.947774	-0.318944	0	0
1.7453e+09	2.00868	0.00194769	0.947774	-0.318944	0	0
1.7453e+09	2.00868	0.00194769	0.947774	-0.318944	0	0
1.7453e+09	2.00868	0.00194769	0.947774	-0.318944	0	0
1.7453e+09	2.01024	0.00194769	0.947774	-0.318944	0	0
1.7453e+09	2.01024	0.00194769	0.947774	-0.318944	0	0
1.7453e+09	2.00868	0.00194769	0.947774	-0.318944	0	0
1.7453e+09	2.00868	0.00194769	0.947774	-0.318944	0	0
1.7453e+09	2.00868	0.00194769	0.947774	-0.318944	0	0
1.7453e+09	2.00868	0.00194769	0.947774	-0.318944	0	0
1.7453e+09	2.00868	0.00194769	0.947774	-0.318944	0	0
1.7453e+09	2.00868	0.00194769	0.947774	-0.318944	0	0
1.7453e+09	2.00868	0.00194769	0.947774	-0.318944	0	0
1.7453e+09	2.00868	0.00194769	0.947774	-0.318944	0	0
1.7453e+09	2.00868	0.00194769	0.947774	-0.318944	0	0
1.7453e+09	2.00868	0.00194769	0.947774	-0.318944	0	0
1.7453e+09	2.00868	0.00194769	0.947774	-0.318944	0	0
1.7453e+09	2.00868	0.00194769	0.947774	-0.318944	0	0
1.7453e+09	2.01024	0.00194769	0.947774	-0.318944	0	0
1.7453e+09	2.01024	0.00194769	0.947774	-0.318944	0	0
1.7453e+09	2.00868	0.000385192	0.947774	-0.318944	0	0
1.7453e+09	2.00868	0.000385192	0.947774	-0.318944	0	0
1.7453e+09	2.01024	0.00194769	0.947774	-0.318944	0	0
1.7453e+09	2.01024	0.00194769	0.947774	-0.318944	0	0
1.7453e+09	2.01024	0.00194769	0.947774	-0.318944	0	0
1.7453e+09	2.01024	0.00194769	0.947774	-0.318944	0	0
1.7453e+09	2.01024	0.000385192	0.947774	-0.318944	0	0
1.7453e+09	2.00963	0.000992211	0.947774	-0.318944	0	0
