time	x	y	orientation_z	orientation_w	linear_vel	angular_vel
2159.24	-8.9903	-1.91762	0.634512	0.772906	0.823137	-0.264267
2159.54	-8.9458	-1.64121	0.588817	0.808203	0.823243	-0.320647
2159.74	-8.89309	-1.48737	0.557301	0.830184	0.783556	-0.247124
2159.94	-8.82869	-1.33513	0.536064	0.843969	0.816518	-0.0734007
2160.14	-8.76378	-1.16632	0.519796	0.853974	0.836223	-0.0628675
2160.44	-8.64267	-0.938209	0.502813	0.863875	0.925495	0.0677538
2160.64	-8.53805	-0.851304	0.503368	0.863384	0.91364	0.0270439
2160.84	-8.50233	-0.787495	0.510165	0.859365	0.643989	0.416159
2161.14	-8.43121	-0.64062	0.525939	0.8497	0.533403	-0.587168
2161.34	-8.39427	-0.518992	0.474161	0.879581	0.628719	-0.361606
2161.54	-8.32186	-0.413981	0.44667	0.893746	0.766912	0.066366
2161.84	-8.18437	-0.262061	0.462663	0.885311	0.623179	0.312264
2162.04	-8.11525	-0.160813	0.443946	0.894729	0.611178	-0.760599
2162.24	-8.03975	-0.0702342	0.387124	0.920628	0.630772	-0.605169
2162.44	-7.96345	0.0742003	0.402889	0.913658	0.796016	0.500007
2162.64	-7.86992	0.171181	0.383926	0.921628	0.780993	0.509035
2162.84	-7.76672	0.274002	0.396135	0.916244	0.820037	0.442827
2163.04	-7.66285	0.391522	0.427166	0.90196	0.828242	0.423079
2163.34	-7.52096	0.583714	0.459303	0.885633	0.76473	0.35828
2163.54	-7.45205	0.694765	0.467567	0.881051	0.823685	0.270851
2163.74	-7.36134	0.833612	0.477061	0.875612	0.797196	0.244945
2163.94	-7.27436	0.973071	0.485477	0.870623	0.803009	0.257203
2164.14	-7.18758	1.09916	0.492086	0.86652	0.826963	0.233486
2164.44	-7.06378	1.31428	0.498169	0.862427	0.885294	0.193166
2164.74	-6.92984	1.52527	0.499978	0.860712	0.806628	0.18901
2164.94	-6.84781	1.67256	0.50104	0.859613	0.814467	0.178891
2165.14	-6.76718	1.81825	0.501968	0.85858	0.808808	0.179409
2165.34	-6.68401	1.95001	0.505456	0.856002	0.840977	0.18334
2165.54	-6.60262	2.10101	0.506393	0.854881	0.823118	0.192061
2165.74	-6.52168	2.2498	0.50582	0.854645	0.820899	0.1656
2165.94	-6.45711	2.36251	0.505698	0.85428	0.813134	0.220728
2166.14	-6.37802	2.51131	0.510161	0.85101	0.81556	0.26957
2166.34	-6.3088	2.63418	0.533434	0.836181	0.616719	0.150366
2166.64	-6.2304	2.79676	0.558752	0.819008	0.671644	0.7015
2166.94	-6.13594	3.00459	0.562815	0.815435	0.779736	0.185787
2167.14	-6.08365	3.14724	0.559529	0.817093	0.727411	0.0336636
2167.34	-6.03363	3.27645	0.540963	0.828981	0.660708	-0.347108
2167.54	-5.97574	3.3977	0.510659	0.847578	0.654855	-0.347857
2167.74	-5.91389	3.50944	0.478655	0.865674	0.646683	-0.372275
2167.94	-5.84681	3.61589	0.446547	0.882308	0.649206	-0.308782
2168.14	-5.78835	3.72837	0.42034	0.894728	0.650287	-0.330851
2168.34	-5.70533	3.82477	0.39567	0.905553	0.649364	-0.287926
2168.54	-5.63886	3.89512	0.381909	0.911185	0.663489	-0.193154
2168.74	-5.56518	4.00268	0.374528	0.91386	0.66275	-0.195632
2168.94	-5.47039	4.09404	0.362732	0.918215	0.679847	-0.12576
2169.14	-5.37146	4.18529	0.355461	0.920637	0.69458	-0.0729325
2169.34	-5.27288	4.2852	0.3597	0.918539	0.697591	-0.0608865
2169.54	-5.17462	4.3741	0.329139	0.929498	0.655651	-0.850253
2169.74	-5.0714	4.44966	0.277345	0.945905	0.662507	-0.694123
2169.94	-4.99607	4.53109	0.244808	0.954728	0.536895	-0.770369
2170.14	-4.86557	4.59936	0.253584	0.952227	0.864038	0.313904
2170.34	-4.75563	4.70721	0.282886	0.943604	0.875688	0.184342
2170.54	-4.61335	4.80394	0.301488	0.937455	0.919775	0.026241
2170.74	-4.4717	4.90702	0.314149	0.932883	0.904328	0.0585646
2170.94	-4.28458	5.01839	0.328413	0.927522	0.930327	-0.016999
2171.14	-4.19072	5.09486	0.313797	0.93237	0.669312	-2.11878
2171.34	-4.08952	5.15378	0.153693	0.972	0.427321	-1.93958
2171.54	-4.01016	5.11103	0.0119794	0.984445	0.51116	-1.53318
2171.74	-3.94737	5.22085	-0.100334	0.979466	0.635991	-1.07927
2171.94	-3.90454	5.29792	-0.13968	0.974202	0.58765	2.0093
2172.14	-3.77471	5.30162	-0.0231277	0.983341	0.533073	0.144478
2172.34	-3.63536	5.2568	0.113176	0.976561	0.652828	2.21137
2172.54	-3.53098	5.28309	0.253011	0.950809	0.445861	1.85225
2172.74	-3.41988	5.24204	0.182123	0.965808	0.381827	-2.38218
2172.94	-3.30885	5.2153	0.0324242	0.9825	0.362622	-2.07513
2173.14	-3.18251	5.25251	-0.11337	0.976968	0.49719	-1.63838
2173.34	-3.12378	5.2791	-0.216648	0.959411	0.624497	-1.09629
2173.54	-3.00278	5.27355	-0.300576	0.936308	0.684868	-0.958477
2173.74	-2.87157	5.14942	-0.338575	0.923103	0.705745	-0.709878
2173.94	-2.76557	5.05434	-0.38031	0.906477	0.708652	-0.535396
2174.14	-2.63451	4.92796	-0.403766	0.896016	0.75574	-0.440547
2174.34	-2.5342	4.81135	-0.426038	0.885374	0.753936	-0.39684
2174.54	-2.43736	4.68731	-0.443901	0.876279	0.778398	-0.367235
2174.74	-2.31003	4.5325	-0.454076	0.870775	0.775903	-0.333497
2174.94	-2.22022	4.40175	-0.46769	0.86328	0.775349	-0.345383
2175.14	-2.13288	4.26616	-0.477518	0.857616	0.789666	-0.284989
2175.34	-2.01461	4.08313	-0.481022	0.855371	0.804526	-0.258439
2175.54	-1.9303	3.94416	-0.487943	0.851177	0.787835	-0.282966
2175.74	-1.84702	3.80201	-0.493269	0.847826	0.803802	-0.256975
2175.94	-1.74304	3.64191	-0.495917	0.845992	0.807397	-0.238389
2176.14	-1.68187	3.53376	-0.49913	0.843859	0.789907	-0.264614
2176.34	-1.6027	3.39073	-0.503907	0.840749	0.794634	-0.26895
2176.54	-1.50964	3.22952	-0.510823	0.83629	0.804947	-0.290235
2176.74	-1.43548	3.08672	-0.50937	0.836901	0.529212	0.988133
2176.94	-1.37765	2.99244	-0.443066	0.873658	0.657434	-0.468674
2177.14	-1.29353	2.88306	-0.470446	0.859115	0.699206	-0.265418
2177.34	-1.25725	2.82611	-0.569237	0.79737	0.697938	0.0719081
2177.54	-1.09976	2.65355	-0.552295	0.809003	0.740923	-0.0657085
2177.74	-1.04447	2.52473	-0.516687	0.832014	0.666235	0.570711
2177.94	-0.977524	2.40789	-0.462418	0.863234	0.645655	0.955136
2178.14	-0.92173	2.28186	-0.384621	0.900358	0.562938	0.732
2178.34	-0.850335	2.18082	-0.314694	0.926878	0.669176	0.880148
2178.54	-0.852371	2.04639	-0.23632	0.949436	0.768453	0.989326
2178.74	-0.786912	1.98268	-0.17252	0.962743	0.570939	1.01159
2178.94	-0.660252	1.94697	-0.101895	0.972084	0.571677	1.01358
2179.14	-0.58238	1.85555	-0.019406	0.97645	0.571815	1.01848
2179.34	-0.502701	1.78513	0.0508433	0.975527	0.574592	0.984831
2179.54	-0.38769	1.80426	0.104818	0.971887	0.578027	0.909135
2179.74	-0.236278	1.78434	0.162125	0.964195	0.58119	0.727045
2179.94	-0.124437	1.82637	0.217492	0.952865	0.5931	0.573844
2180.14	0.0610494	1.84572	0.260094	0.94172	0.633398	0.299773
2180.34	0.171465	1.91249	0.278563	0.935876	0.664836	0.164597
2180.54	0.287513	1.98683	0.28602	0.93293	0.715916	0.0192827
2180.74	0.457152	2.06598	0.305632	0.926112	0.583038	0.943085
2180.94	0.549115	2.14194	0.374197	0.900563	0.59287	0.863094
2181.14	0.612575	2.22016	0.428104	0.876202	0.602971	0.818653
2181.34	0.620254	2.26286	0.463747	0.857987	0.602684	0.815142
2181.54	0.682468	2.368	0.510652	0.831144	0.598963	0.828869
2181.74	0.807139	2.46481	0.564877	0.795624	0.607144	0.742736
2181.94	0.842734	2.58159	0.602235	0.768161	0.642216	0.443568
2182.14	0.913333	2.71305	0.609749	0.762376	0.656329	-0.704962
2182.34	0.965854	2.8346	0.553624	0.803159	0.323184	-2.9857
2182.54	1.00361	2.90546	0.436974	0.87116	0.484658	-1.3
2182.74	1.02498	3.01755	0.330948	0.917062	0.488589	-1.3
2182.94	1.04777	3.10355	0.232621	0.947237	0.508461	-1.3
2183.14	1.14299	3.17605	0.118824	0.968527	0.637293	-0.895181
2183.34	1.2856	3.20499	0.078578	0.972793	0.742734	-0.523223
2183.54	1.50627	3.24411	0.0720943	0.973373	0.752947	-0.457421
2183.74	1.65553	3.2653	0.0598656	0.974123	0.760346	-0.425512
2183.94	1.76799	3.27929	0.0506091	0.974522	0.772855	-0.409932
2184.14	1.80858	3.30073	0.0459748	0.974465	0.783784	-0.390601
2184.34	1.96356	3.31682	0.0345396	0.974611	0.72871	-0.601268
2184.54	2.0948	3.32543	-0.00610423	0.974983	0.519258	-1.27698
2184.74	2.2407	3.37533	-0.0999996	0.969585	0.482521	-1.3
2184.94	2.33139	3.35344	-0.181965	0.957126	0.482131	-1.3
2185.14	2.4024	3.40365	-0.371602	0.901243	0	-3
2185.34	2.42243	3.61106	-0.579002	0.785325	0	-3
2185.54	2.67304	3.55648	-0.654879	0.72159	1.3	-0.912428
2185.74	2.75294	3.37702	-0.662893	0.71293	0	0
2185.94	2.75287	3.37686	-0.663332	0.713296	0	0
2186.14	2.81449	3.33843	-0.671638	0.706257	0	0
2186.34	2.81442	3.33831	-0.671965	0.706526	0	0
2186.54	2.81434	3.33814	-0.672394	0.70688	0	0
2186.74	2.81639	3.3315	-0.672885	0.707166	0	0
2186.94	2.81882	3.32372	-0.673381	0.707438	0	0
2187.14	2.81874	3.32356	-0.673792	0.707783	0	0
2187.34	2.81866	3.3234	-0.674198	0.708124	0	0
2187.54	2.80985	3.32272	-0.67029	0.712539	0	0
2187.74	2.80977	3.32255	-0.670682	0.712877	0	0
2187.94	2.80593	3.30349	-0.670151	0.714072	0	0
2188.14	2.80585	3.30333	-0.67053	0.714404	0	0
2188.34	2.80578	3.30317	-0.670903	0.714733	0	0
2188.54	2.79504	3.29599	-0.669059	0.717118	0	0
2188.74	2.79494	3.29578	-0.669419	0.717421	0	0
2188.94	2.79487	3.29562	-0.669684	0.717646	0	0
2189.14	2.81823	3.29196	-0.670098	0.717885	0	0
2189.34	2.81813	3.29175	-0.670443	0.71818	0	0
2189.54	2.81803	3.29155	-0.670782	0.718473	0	0
2189.74	2.82382	3.27466	-0.670753	0.719111	0	0
2189.94	2.82375	3.2745	-0.671077	0.719418	0	0
2190.14	2.82367	3.27434	-0.671396	0.719722	0	0
2190.34	2.8176	3.26439	-0.670689	0.720972	0	0
2190.54	2.81671	3.26289	-0.670856	0.721399	0	0
2190.74	2.81663	3.26273	-0.671157	0.721693	0	0
2190.94	2.80997	3.24669	-0.670397	0.722963	0	0
2191.14	2.80989	3.24652	-0.670688	0.723243	0	0
2191.34	2.80982	3.24636	-0.670979	0.723524	0	0
2191.54	2.82197	3.21833	-0.670955	0.723951	0	0
2191.74	2.8219	3.21817	-0.671235	0.724226	0	0
2191.94	2.82182	3.21801	-0.671508	0.724499	0	0
2192.14	2.81965	3.20218	-0.670733	0.725732	0	0
2192.34	2.81957	3.20203	-0.670994	0.725998	0	0
2192.54	2.8195	3.20187	-0.671249	0.726261	0	0
2192.74	2.80726	3.19673	-0.670195	0.727722	0	0
2192.94	2.80451	3.19548	-0.670151	0.728242	0	0
2193.14	2.80444	3.19532	-0.670387	0.728495	0	0
2193.34	2.80425	3.16832	-0.670362	0.728979	0	0
2193.54	2.80418	3.16816	-0.670586	0.729225	0	0
2193.74	2.80411	3.168	-0.670805	0.729468	0	0
2193.94	2.80673	3.11462	-0.670341	0.730327	0	0
2194.14	2.80667	3.1145	-0.670498	0.730505	0	0
2194.34	2.8066	3.11435	-0.670699	0.730739	0	0
2194.54	2.79521	3.08113	-0.66762	0.73396	0	0
2194.74	2.79774	3.05239	-0.682113	0.720719	0.219333	-0.394801
2194.94	2.80979	2.92742	-0.645941	0.753349	0.775004	0.953049
2195.14	2.77678	2.81409	-0.577867	0.806623	0.666899	0.825883
2195.34	2.81317	2.69261	-0.498721	0.857579	0.700373	1.04544
2195.54	2.89992	2.55351	-0.40887	0.903628	0.623866	1.25719
2195.74	2.97358	2.45553	-0.569918	0.811739	0.417694	-3.39639
2195.94	2.95731	2.50157	-0.738454	0.662204	0.320351	-2.47278
2196.14	2.91101	2.47142	-0.831438	0.540552	0.504559	-1.98156
2196.34	2.95337	2.33195	0.898835	-0.418935	0.529733	-1.51899
2196.54	2.71507	2.36185	0.916983	-0.377544	0.34247	3.73798
2196.74	2.67055	2.29175	-0.768903	0.626203	0.166003	2.96757
2196.94	2.70112	2.25927	-0.611271	0.780563	0.316398	2.34546
2197.14	2.81452	2.1704	-0.478384	0.867937	0.452612	1.85853
2197.34	2.86137	2.20649	-0.333329	0.932475	0.491852	1.72007
2197.54	2.8732	1.90964	-0.211738	0.966621	0.568625	1.65673
2197.74	2.93314	1.87539	-0.0900348	0.984279	0.591472	1.25735
2197.94	3.02535	1.86246	0.0043021	0.987382	0.674079	0.966837
2198.14	3.15868	1.87085	0.0664934	0.984584	0.727175	0.872914
2198.34	3.25854	1.86598	0.136138	0.976779	0.729995	0.785367
2198.54	3.39527	1.91046	0.199205	0.965412	0.754592	0.6157
2198.74	3.52875	1.96649	0.256101	0.951646	0.797189	0.44193
2198.94	3.67576	2.05312	0.3005	0.938276	0.841451	0.4547
2199.14	3.80822	2.13506	0.334362	0.926583	0.826713	0.363745
2199.34	3.92955	2.24049	0.366493	0.914089	0.513288	1.11933
2199.54	4.00167	2.31814	0.436477	0.882884	0.532219	0.657857
2199.74	4.11588	2.40011	0.472282	0.864281	0.604524	0.364817
2199.94	4.18165	2.5069	0.485364	0.856863	0.723879	0.0669455
2200.14	4.25855	2.63436	0.473249	0.863355	0.761623	-0.145198
2200.34	4.36534	2.7394	0.466996	0.866547	0.62634	0.644091
2200.54	4.42964	2.84555	0.508445	0.842915	0.605511	0.789465
2200.74	4.48185	2.95626	0.550356	0.816293	0.60083	0.810513
2200.94	4.54684	3.03741	0.587283	0.790331	0.603734	0.745705
2201.14	4.577	3.15585	0.619233	0.765522	0.612449	0.66618
2201.34	4.61594	3.24958	0.641747	0.746548	0.60685	0.664206
2201.54	4.62978	3.3711	0.666042	0.724683	0.61511	0.544051
2201.74	4.63533	3.46318	0.681179	0.710275	0.620998	0.449903
2201.94	4.64014	3.54338	0.68801	0.703417	0.62499	0.414261
2202.14	4.64044	3.66838	0.700114	0.691137	0.635401	0.348826
2202.34	4.63714	3.7955	0.706195	0.684728	0.632701	0.343759
2202.54	4.63159	4.01067	0.711564	0.678785	0.656064	0.21637
2202.74	4.62518	4.14234	0.719235	0.670067	0.660115	0.197078
2202.94	4.61565	4.27582	0.726473	0.661425	0.680997	0.114763
2203.14	4.60012	4.41703	0.729573	0.656886	0.705661	0.0372021
2203.34	4.58551	4.55906	0.735127	0.649757	0.718258	-0.00288124
2203.54	4.56622	4.69579	0.755871	0.62526	0.6661	0.576603
2203.74	4.51792	4.83375	0.782611	0.590918	0.675652	1.01831
2203.94	4.46814	4.98278	0.81675	0.542282	0.770978	0.465777
2204.14	4.41654	5.11649	0.841997	0.501582	0.777206	0.446681
2204.34	4.35631	5.22274	0.858011	0.47316	0.799586	0.416944
2204.54	4.27345	5.36379	0.874498	0.441317	0.768786	0.390981
2204.74	4.1857	5.49833	0.886556	0.415926	0.772354	0.359305
2204.94	4.07908	5.62111	0.896807	0.39261	0.793878	0.306947
2205.14	3.96438	5.74124	0.903614	0.375858	0.80768	0.237564
2205.34	3.85025	5.8663	0.906251	0.368576	0.812769	0.247936
2205.54	3.72883	5.98179	0.910313	0.357517	0.808879	0.214809
2205.74	3.60505	6.09442	0.913339	0.348773	0.809373	0.206638
2205.94	3.44444	5.99429	0.915504	0.341953	0.922623	-0.101111
2206.14	3.32376	6.10064	0.914706	0.343314	0.471319	1.15347
2206.34	3.22162	6.20335	0.937509	0.276218	0.49606	0.783559
2206.54	3.13045	6.25696	0.948615	0.236339	0.579569	0.437239
2206.74	3.0471	6.2996	0.950445	0.229146	0.714217	0.00850774
2206.94	2.89934	6.40096	0.948036	0.238448	0.653955	0.383479
2207.14	2.78364	6.46065	0.952533	0.220106	0.615823	0.668951
2207.34	2.67083	6.5112	0.961097	0.180375	0.604384	0.742176
2207.54	2.54737	6.56797	0.967412	0.144544	0.610243	0.647722
2207.74	2.42928	6.6003	0.971931	0.112782	0.602068	0.690821
2207.94	2.30953	6.62469	0.975407	0.0811885	0.607576	0.570904
2208.14	2.20876	6.65472	0.976899	0.0647993	0.604356	0.630702
2208.34	2.09034	6.6706	0.978447	0.0390033	0.610492	0.530125
2208.54	1.96721	6.67934	0.979078	0.0153916	0.616498	0.485228
2208.74	1.79843	6.69402	0.97917	-0.00189622	0.632979	0.920603
2208.94	1.66937	6.68963	0.977548	-0.0560105	0.641952	0.956892
2209.14	1.53905	6.67139	0.971243	-0.122648	0.650351	0.925928
2209.34	1.36549	6.66954	0.965202	-0.162735	0.87421	0.25618
2209.54	1.2066	6.61735	0.961296	-0.181701	0.867544	0.220015
2209.74	1.05087	6.55947	0.958195	-0.194796	0.900062	0.205468
2209.94	0.867092	6.49752	0.954995	-0.207016	0.886147	0.17954
2210.14	0.695224	6.43265	0.951811	-0.218363	0.882663	0.192289
2210.34	0.542669	6.36094	0.948631	-0.228802	0.89147	0.193662
2210.54	0.371679	6.27481	0.945613	-0.237888	0.876075	0.189992
2210.74	0.227283	6.19859	0.942176	-0.248457	0.700217	0.208187
2210.94	0.116496	6.13624	0.938355	-0.261055	0.5724	0.209235
2211.14	-0.00450704	6.06787	0.935006	-0.27219	0.463937	0.214313
2211.34	-0.0706745	6.02579	0.93004	-0.288945	0.346224	0.266951
2211.54	-0.12823	5.98903	0.924383	-0.307321	0.280977	0.269982
2211.74	-0.192698	5.95397	0.916733	-0.330601	0.201513	0.407707
2211.94	-0.213126	5.93737	0.909534	-0.351007	0.173851	0.415686
2212.14	-0.237774	5.9152	0.898506	-0.379825	0.140935	0.420333
2212.34	-0.296292	5.90303	0.881391	-0.419525	0.105544	0.991366
