-0.886296 	 -5.536831 
-0.594385 	 -5.624649 
-0.669232 	 -5.470142 
-0.756130 	 -5.445945 
-0.899642 	 -5.319886 
-1.016364 	 -5.198402 
-1.098019 	 -5.126716 
-1.168639 	 -4.977389 
-1.319681 	 -4.921318 
-1.397727 	 -4.911365 
-1.584074 	 -4.869368 
-1.712115 	 -4.767149 
-1.814519 	 -4.792900 
-1.953275 	 -4.743425 
-1.998569 	 -4.466259 
-2.140191 	 -4.441067 
-2.215774 	 -4.377252 
-2.261061 	 -4.694565 
-2.181385 	 -4.752179 
-2.126449 	 -4.667380 
-2.145094 	 -4.615967 
-2.145487 	 -4.621148 
-2.128828 	 -4.342721 
-2.257869 	 -4.327914 
-2.246411 	 -4.328495 
-2.271261 	 -4.327137 
-2.347366 	 -4.372152 
-2.349219 	 -4.355805 
-2.365806 	 -4.319947 
-2.410877 	 -4.429611 
-2.416468 	 -4.378743 
-2.470165 	 -4.373876 
-2.537051 	 -4.379834 
-2.599229 	 -4.333607 
-2.649214 	 -4.333678 
-2.692229 	 -4.427678 
-2.733476 	 -4.332035 
-2.766755 	 -4.332784 
-2.822832 	 -4.331029 
-2.858611 	 -4.331371 
-2.872101 	 -4.331034 
-2.924689 	 -4.329721 
-2.950455 	 -4.323772 
-2.975829 	 -4.324587 
-3.015598 	 -4.324710 
-3.032576 	 -4.333880 
-3.065288 	 -4.324538 
-3.111254 	 -4.324518 
-3.140045 	 -4.324650 
-3.164995 	 -4.324563 
-3.210730 	 -4.324523 
-3.260474 	 -4.324550 
-3.285409 	 -4.324615 
-3.310293 	 -4.324515 
-3.359824 	 -4.324508 
-3.360236 	 -4.324524 
-3.412980 	 -4.332860 
-3.440749 	 -4.331808 
-3.463758 	 -4.332807 
-3.515694 	 -4.332659 
-3.541793 	 -4.331802 
-3.562253 	 -4.332826 
-3.591839 	 -4.331804 
-3.637224 	 -4.331837 
-3.662215 	 -4.331160 
-3.687425 	 -4.331772 
-3.736916 	 -4.331670 
-3.762384 	 -4.332517 
-3.812351 	 -4.330704 
-3.837332 	 -4.331170 
-3.862318 	 -4.330300 
-3.887622 	 -4.330636 
-3.912163 	 -4.331099 
-3.962086 	 -4.328322 
-3.986899 	 -4.329668 
-4.037607 	 -4.325280 
-4.087487 	 -4.320459 
-4.109803 	 -4.317642 
-4.133992 	 -4.311325 
-4.176492 	 -4.286453 
-4.201538 	 -4.282552 
-4.250143 	 -4.270197 
-4.273674 	 -4.261755 
-4.299252 	 -4.297203 
-4.316267 	 -4.235972 
-4.339080 	 -4.225091 
-4.367687 	 -4.238655 
-4.394495 	 -4.175959 
-4.395204 	 -4.176662 
-4.413246 	 -4.159424 
-4.429502 	 -4.140325 
-4.468862 	 -4.109722 
-4.469828 	 -4.110627 
-4.508360 	 -4.079210 
-4.532874 	 -3.987760 
-4.557454 	 -3.947716 
-4.574157 	 -3.929040 
-4.587707 	 -3.907952 
-4.565641 	 -3.835542 
-4.581993 	 -3.932934 
-4.574142 	 -3.858621 
-4.588444 	 -3.854213 
-4.635272 	 -3.813711 
-4.634977 	 -3.782185 
-4.635322 	 -3.737479 
-4.636681 	 -3.690867 
-4.636623 	 -3.688456 
-4.638219 	 -3.614149 
-4.637722 	 -3.589583 
-4.638975 	 -3.566055 
-4.640047 	 -3.494620 
-4.640076 	 -3.466479 
-4.640420 	 -3.442490 
-4.640711 	 -3.390192 
-4.641120 	 -3.361481 
-4.641502 	 -3.312053 
-4.642085 	 -3.262646 
-4.642021 	 -3.242758 
-4.642137 	 -3.218331 
-4.642595 	 -3.160939 
-4.642506 	 -3.167962 
-4.643623 	 -3.143410 
-4.643917 	 -3.093786 
-4.643624 	 -3.093267 
-4.643785 	 -3.067594 
-4.650000 	 -3.018097 
-4.650000 	 -2.968015 
-4.657940 	 -2.916827 
-4.657932 	 -2.865861 
-4.657713 	 -2.841219 
-4.657942 	 -2.817130 
-4.657497 	 -2.766795 
-4.657503 	 -2.717685 
-4.657719 	 -2.691961 
-4.661659 	 -2.665377 
-4.662041 	 -2.641080 
-4.661658 	 -2.615314 
-4.662104 	 -2.595689 
-4.661388 	 -2.545319 
-4.662464 	 -2.515828 
-4.661298 	 -2.438355 
-4.661321 	 -2.390510 
-4.661656 	 -2.365140 
-4.661978 	 -2.336585 
-4.661270 	 -2.286410 
-4.661671 	 -2.266294 
-4.661801 	 -2.215060 
-4.665723 	 -2.182571 
-4.665233 	 -2.158416 
-4.660995 	 -2.116305 
-4.660613 	 -2.034749 
-4.660985 	 -2.015448 
-4.661320 	 -1.990379 
-4.660620 	 -1.935365 
-4.661315 	 -1.940024 
-4.660689 	 -1.891440 
-4.660987 	 -1.865653 
-4.660680 	 -1.840634 
-4.660630 	 -1.786248 
-4.660982 	 -1.765172 
-4.660620 	 -1.735356 
-4.660643 	 -1.687385 
-4.660989 	 -1.665781 
-4.661069 	 -1.622610 
-4.660627 	 -1.585947 
-4.660927 	 -1.560519 
-4.661286 	 -1.537689 
-4.660628 	 -1.486114 
-4.661361 	 -1.493504 
-4.660950 	 -1.462488 
-4.660996 	 -1.416389 
-4.661349 	 -1.392781 
-4.660648 	 -1.337796 
-4.660688 	 -1.291369 
-4.660948 	 -1.262314 
-4.660944 	 -1.261857 
-4.661411 	 -1.247729 
-4.660702 	 -1.192634 
-4.661249 	 -1.184743 
-4.661282 	 -1.137402 
-4.660655 	 -1.088480 
-4.661270 	 -1.086049 
-4.661361 	 -1.043723 
-4.661123 	 -0.990986 
-4.661863 	 -0.986433 
-4.661348 	 -0.942667 
-4.661271 	 -0.886467 
-4.660725 	 -0.844635 
-4.660962 	 -0.813521 
-4.661277 	 -0.786931 
-4.661344 	 -0.742357 
-4.661338 	 -0.691825 
-4.660993 	 -0.666148 
-4.661265 	 -0.636059 
-4.660654 	 -0.588233 
-4.661035 	 -0.569714 
-4.661279 	 -0.537158 
-4.661378 	 -0.495041 
-4.661039 	 -0.470043 
-4.661264 	 -0.434894 
-4.660624 	 -0.385734 
-4.661019 	 -0.368341 
-4.661378 	 -0.345082 
-4.660727 	 -0.294820 
-4.661360 	 -0.293631 
-4.660646 	 -0.237702 
-4.661037 	 -0.219831 
-4.660726 	 -0.194601 
-4.661028 	 -0.169111 
-4.661274 	 -0.136714 
-4.660953 	 -0.112748 
-4.661050 	 -0.070926 
-4.661397 	 -0.044994 
-4.660637 	 0.013157 
-4.661047 	 0.029300 
-4.661046 	 0.079389 
-4.660735 	 0.104438 
-4.660717 	 0.156073 
-4.660956 	 0.187024 
-4.661294 	 0.211699 
-4.660964 	 0.236360 
-4.660963 	 0.286421 
-4.660707 	 0.306984 
-4.661017 	 0.331802 
-4.660709 	 0.356777 
-4.661018 	 0.381784 
-4.661360 	 0.406370 
-4.661311 	 0.460288 
-4.660985 	 0.484507 
-4.661306 	 0.510748 
-4.661312 	 0.560246 
-4.660967 	 0.586129 
-4.660966 	 0.636197 
-4.661308 	 0.660543 
-4.660973 	 0.685571 
-4.661066 	 0.728445 
-4.661353 	 0.756947 
-4.660975 	 0.785414 
-4.661304 	 0.810890 
-4.661309 	 0.860447 
-4.661023 	 0.881368 
-4.661307 	 0.910573 
-4.660972 	 0.935696 
-4.661359 	 0.956529 
-4.660979 	 0.985035 
-4.661165 	 1.022049 
-4.660672 	 1.060078 
-4.660862 	 1.095045 
-4.660977 	 1.135180 
-4.661190 	 1.170101 
-4.660865 	 1.194731 
-4.661055 	 1.228578 
-4.660745 	 1.253572 
-4.661050 	 1.279212 
-4.661055 	 1.328590 
-4.660974 	 1.335436 
-4.660744 	 1.403588 
-4.661053 	 1.428597 
-4.661391 	 1.453607 
-4.661043 	 1.478433 
-4.661386 	 1.503617 
-4.661021 	 1.528626 
-4.661131 	 1.571800 
-4.660838 	 1.628654 
-4.660615 	 1.653637 
-4.665069 	 1.676778 
-4.664832 	 1.716759 
-4.664480 	 1.728954 
-4.663314 	 1.776811 
-4.660357 	 1.828881 
-4.653877 	 1.831529 
-4.657284 	 1.853683 
-4.638179 	 1.895185 
-4.633505 	 1.919744 
-4.659978 	 1.932370 
-4.645719 	 1.980213 
-4.600000 	 2.000000 
-4.601013 	 2.025577 
-4.600000 	 2.050000 
-4.606848 	 2.099343 
-4.600162 	 2.121421 
-4.550363 	 2.134943 
-4.557701 	 2.148543 
-4.521177 	 2.191784 
-4.520733 	 2.192105 
-4.492006 	 2.227377 
-4.421657 	 2.229525 
-4.444412 	 2.227182 
-4.383233 	 2.266852 
-4.362023 	 2.280048 
-4.349620 	 2.299278 
-4.275800 	 2.319434 
-4.270858 	 2.334159 
-4.246667 	 2.335516 
-4.261366 	 2.396681 
-4.204197 	 2.422185 
-4.189844 	 2.422669 
-4.156083 	 2.423730 
-4.106486 	 2.450558 
-4.086785 	 2.453899 
-4.058344 	 2.465160 
-4.013406 	 2.462837 
-3.988356 	 2.465324 
-3.924844 	 2.475657 
-3.845766 	 2.482920 
-3.803269 	 2.484265 
-3.788756 	 2.472238 
-3.746442 	 2.475779 
-3.746215 	 2.486204 
-3.686415 	 2.483618 
-3.678371 	 2.486909 
-3.654433 	 2.487370 
-3.583848 	 2.470651 
-3.524837 	 2.373629 
-3.558497 	 2.372342 
-3.512007 	 2.476166 
-3.411804 	 2.481694 
-3.396860 	 2.424565 
-3.323504 	 2.425319 
-3.275018 	 2.425203 
-3.246605 	 2.426153 
-3.247085 	 2.424581 
-3.246008 	 2.424735 
-3.196720 	 2.426167 
-3.196912 	 2.426153 
-3.146734 	 2.424631 
-3.096565 	 2.426106 
-3.074251 	 2.425300 
-3.057951 	 2.425743 
-3.030388 	 2.425046 
-2.973215 	 2.425397 
-2.973360 	 2.425415 
-2.946357 	 2.426422 
-2.921812 	 2.425855 
-2.867258 	 2.426526 
-2.853773 	 2.426111 
-2.845434 	 2.426684 
-2.818485 	 2.425624 
-2.846955 	 2.424893 
-2.831866 	 2.517307 
-2.741144 	 2.427244 
-2.745621 	 2.431363 
-2.721518 	 2.428997 
-2.697594 	 2.517046 
-2.662228 	 2.518964 
-2.649028 	 2.479328 
-2.613942 	 2.516407 
-2.559505 	 2.515723 
-2.546957 	 2.516343 
-2.516109 	 2.516368 
-2.471811 	 2.475649 
-2.451874 	 2.516896 
-2.420004 	 2.516628 
-2.378274 	 2.476576 
-2.403264 	 2.475871 
-2.378663 	 2.476566 
-2.354957 	 2.516675 
-2.343111 	 2.516406 
-2.316193 	 2.516605 
-2.274425 	 2.476737 
-2.228844 	 2.476561 
-2.227749 	 2.476589 
-2.203699 	 2.475858 
-2.151492 	 2.475919 
-2.127679 	 2.476591 
-2.121504 	 2.475373 
-2.097994 	 2.476070 
-2.122983 	 2.475333 
-2.121564 	 2.475372 
-2.076671 	 2.475154 
-2.030373 	 2.476522 
-2.022912 	 2.475335 
-1.977720 	 2.476590 
-1.943273 	 2.483539 
-1.946373 	 2.476113 
-1.900127 	 2.475958 
-1.872314 	 2.475352 
-1.875359 	 2.475199 
-1.820082 	 2.475415 
-1.778987 	 2.476560 
-1.795185 	 2.476147 
-1.775278 	 2.475204 
-1.703786 	 2.475861 
-1.695704 	 2.476132 
-1.672006 	 2.475365 
-1.647142 	 2.476093 
-1.648855 	 2.476144 
-1.618755 	 2.475455 
-1.622338 	 2.475353 
-1.546875 	 2.476111 
-1.518781 	 2.475453 
-1.472387 	 2.476792 
-1.474736 	 2.475379 
-1.470589 	 2.475406 
-1.418764 	 2.475459 
-1.401208 	 2.475965 
-1.422046 	 2.475369 
-1.400174 	 2.474611 
-1.350033 	 2.476205 
-1.276658 	 2.476720 
-1.257134 	 2.475789 
-1.220654 	 2.475432 
-1.226327 	 2.475278 
-1.199518 	 2.476293 
-1.148482 	 2.478223 
-1.110966 	 2.477725 
-1.124949 	 2.475572 
-1.069528 	 2.475584 
-1.019812 	 2.476982 
-0.998707 	 2.476512 
-0.985255 	 2.567709 
-0.956037 	 2.568499 
-0.948794 	 2.477192 
-0.923796 	 2.476095 
-0.869919 	 2.477191 
-0.894909 	 2.476462 
-0.891488 	 2.566637 
-0.838529 	 2.566663 
-0.813793 	 2.572753 
-0.817991 	 2.566639 
-0.766762 	 2.529057 
-0.768658 	 2.566638 
-0.755022 	 2.576503 
-0.686966 	 2.566335 
-0.662200 	 2.566419 
-0.667760 	 2.566374 
-0.618933 	 2.566120 
-0.587882 	 2.576507 
-0.588113 	 2.566658 
-0.546071 	 2.566382 
-0.489830 	 2.571501 
-0.469566 	 2.568109 
-0.464798 	 2.530985 
-0.438923 	 2.566811 
-0.411542 	 2.575006 
-0.405670 	 2.528694 
-0.370701 	 2.575221 
-0.352866 	 2.575185 
-0.291758 	 2.575105 
-0.262152 	 2.575360 
-0.234540 	 2.575099 
-0.207715 	 2.574628 
-0.195730 	 2.575241 
-0.166761 	 2.575146 
-0.120744 	 2.575258 
-0.094557 	 2.570154 
-0.069710 	 2.567565 
-0.049463 	 2.570700 
-0.022850 	 2.567110 
0.025485 	 2.571514 
0.054072 	 2.577471 
0.050715 	 2.570459 
0.100490 	 2.570152 
0.125901 	 2.571961 
0.129019 	 2.578926 
0.175766 	 2.575595 
0.203916 	 2.582371 
0.253783 	 2.584862 
0.278774 	 2.586324 
0.296618 	 2.603833 
0.321113 	 2.608834 
0.345468 	 2.614456 
0.346618 	 2.603833 
0.396505 	 2.610637 
0.418288 	 2.632292 
0.442723 	 2.676083 
0.450000 	 2.700000 
0.443783 	 2.627342 
0.500000 	 2.750000 
0.500000 	 2.700000 
0.559358 	 2.698720 
0.550000 	 2.750000 
0.550000 	 2.800000 
0.601121 	 2.751947 
0.631979 	 2.844858 
0.622604 	 2.764131 
0.631236 	 2.845395 
0.616137 	 2.825469 
0.653372 	 2.857013 
0.698985 	 2.862554 
0.699818 	 2.862061 
0.698977 	 2.862563 
0.713001 	 2.883313 
0.721643 	 2.929726 
0.736353 	 2.927580 
0.766153 	 2.967140 
0.780391 	 2.987686 
0.772919 	 3.083026 
0.770207 	 3.202608 
0.787824 	 3.206609 
0.787108 	 3.288159 
0.768514 	 3.293788 
0.752601 	 3.374547 
0.756657 	 3.377405 
0.763911 	 3.435723 
0.774568 	 3.476415 
0.785567 	 3.542778 
0.799593 	 3.582193 
0.794444 	 3.689797 
0.788655 	 3.769000 
0.791293 	 3.818909 
0.800000 	 3.887880 
0.800000 	 3.966493 
0.800000 	 4.012883 
0.800000 	 4.063201 
0.796430 	 4.116466 
0.826785 	 4.168476 
0.828928 	 4.193430 
0.825046 	 4.243311 
0.828325 	 4.293550 
0.829736 	 4.318579 
0.826601 	 4.368457 
0.829969 	 4.418794 
0.828723 	 4.443762 
0.825897 	 4.493646 
0.827870 	 4.518903 
0.833751 	 4.544162 
0.824869 	 4.593791 
0.827554 	 4.619094 
0.827033 	 4.644089 
0.824917 	 4.669019 
0.822255 	 4.718913 
0.825999 	 4.719271 
0.823947 	 4.769220 
0.824545 	 4.769249 
0.825369 	 4.794290 
0.823455 	 4.819431 
0.791256 	 4.816941 
0.789412 	 4.891919 
0.789324 	 4.917058 
0.789239 	 4.942020 
0.787796 	 4.991999 
0.785854 	 5.092085 
0.784972 	 5.117070 
0.784731 	 5.142223 
0.783779 	 5.167205 
0.783492 	 5.192147 
0.784160 	 5.201900 
0.783492 	 5.192147 
0.784487 	 5.167166 
0.783492 	 5.192147 
0.783192 	 5.217340 
0.780998 	 5.267291 
0.780583 	 5.292243 
0.780139 	 5.317443 
0.777548 	 5.367375 
0.776941 	 5.392330 
0.775504 	 5.417288 
0.774766 	 5.442490 
0.773193 	 5.467440 
0.773973 	 5.467450 
0.772304 	 5.492395 
0.770577 	 5.517336 
0.769495 	 5.542533 
0.767594 	 5.567459 
0.768311 	 5.567487 
0.766279 	 5.592404 
0.764878 	 5.617600 
0.762627 	 5.642499 
0.760963 	 5.667440 
0.758461 	 5.692314 
0.756413 	 5.717468 
0.750734 	 5.767145 
0.751085 	 5.767194 
0.741775 	 5.816544 
0.736280 	 5.840917 
0.715560 	 5.912989 
0.723322 	 5.889412 
0.708220 	 5.937075 
0.700564 	 5.960839 
0.681616 	 6.007271 
0.670532 	 6.029680 
0.670615 	 6.029672 
0.659492 	 6.052211 
0.634069 	 6.095256 
0.619902 	 6.115909 
0.607263 	 6.137520 
0.593263 	 6.158232 
0.564235 	 6.198941 
0.565598 	 6.200099 
0.540307 	 6.243955 
0.508484 	 6.282437 
0.495815 	 6.304389 
0.482966 	 6.326233 
0.461791 	 6.341106 
0.371801 	 6.461380 
0.277278 	 6.577910 
0.229151 	 6.635443 
0.167468 	 6.714382 
0.016445 	 6.881171 
0.000000 	 7.000000 
-0.000000 	 7.000000 
-0.312770 	 -5.071731 
-0.289742 	 -5.062202 
-0.309662 	 -4.903328 
-0.344832 	 -4.731568 
-0.408858 	 -4.568362 
-0.453844 	 -4.446111 
-0.475838 	 -4.377785 
-0.500144 	 -4.279460 
-0.505762 	 -4.226345 
-0.525228 	 -4.174627 
-0.545011 	 -4.125663 
-0.566731 	 -4.090072 
-0.584910 	 -4.042237 
-0.605959 	 -3.994679 
-0.621743 	 -3.946145 
-0.631007 	 -3.916007 
-0.653295 	 -3.871616 
-0.679539 	 -3.835174 
-0.683867 	 -3.802453 
-0.706160 	 -3.759771 
-0.720475 	 -3.738954 
-0.730723 	 -3.685778 
-0.752961 	 -3.682615 
-0.773201 	 -3.653189 
-0.756361 	 -3.614251 
-0.782833 	 -3.598447 
-0.839183 	 -3.545370 
-0.860391 	 -3.507393 
-0.865022 	 -3.470226 
-0.851687 	 -3.464773 
-0.885231 	 -3.453982 
-0.888956 	 -3.398942 
-0.909474 	 -3.378019 
-0.922291 	 -3.358162 
-0.950109 	 -3.321122 
-0.961511 	 -3.298874 
-0.958457 	 -3.263570 
-0.993028 	 -3.234597 
-1.004049 	 -3.215301 
-1.013589 	 -3.190609 
-1.032928 	 -3.157274 
-1.051053 	 -3.123970 
-1.064474 	 -3.090797 
-1.084004 	 -3.058614 
-1.099217 	 -3.035599 
-1.124990 	 -2.995753 
-1.156442 	 -2.978940 
-1.162768 	 -2.930466 
-1.187093 	 -2.915500 
-1.198347 	 -2.865313 
-1.208060 	 -2.842094 
-1.227286 	 -2.824284 
-1.235169 	 -2.775439 
-1.256192 	 -2.755311 
-1.272635 	 -2.735374 
-1.286148 	 -2.688360 
-1.292118 	 -2.664519 
-1.305533 	 -2.650184 
-1.325216 	 -2.626086 
-1.340548 	 -2.578439 
-1.340250 	 -2.580056 
-1.343307 	 -2.539463 
-1.368893 	 -2.510441 
-1.383229 	 -2.502558 
-1.395872 	 -2.473068 
-1.373944 	 -2.405154 
-1.403767 	 -2.446969 
-1.372764 	 -2.400760 
-1.369117 	 -2.377994 
-1.364362 	 -2.349685 
-1.361857 	 -2.323711 
-1.362964 	 -2.301755 
-1.342538 	 -2.268068 
-1.340571 	 -2.238154 
-1.334782 	 -2.213732 
-1.310531 	 -2.168932 
-1.287845 	 -2.125568 
-1.254907 	 -2.089975 
-1.226720 	 -2.051224 
-1.211204 	 -2.033318 
-1.179351 	 -1.992953 
-1.178803 	 -1.990842 
-1.158296 	 -1.964655 
-1.142279 	 -1.924035 
-1.149105 	 -1.917737 
-1.135096 	 -1.898008 
-1.085197 	 -1.875183 
-1.077536 	 -1.847599 
-1.037797 	 -1.818368 
-1.026742 	 -1.792603 
-1.006350 	 -1.748319 
-0.991080 	 -1.727879 
-0.952664 	 -1.694586 
-0.865842 	 -1.570306 
-0.754092 	 -1.469387 
-0.722297 	 -1.430418 
-0.674261 	 -1.373143 
-0.674368 	 -1.337899 
-0.637211 	 -1.338082 
-0.648813 	 -1.291594 
-0.602082 	 -1.239941 
-0.604555 	 -1.226127 
-0.571271 	 -1.195336 
-0.534061 	 -1.161956 
-0.522114 	 -1.139604 
-0.472868 	 -1.117452 
-0.450778 	 -1.067663 
-0.420832 	 -1.083840 
-0.388237 	 -1.019365 
-0.335726 	 -0.955797 
-0.303636 	 -0.920402 
-0.243004 	 -0.887675 
-0.217757 	 -0.871679 
-0.190407 	 -0.871113 
-0.183076 	 -0.836947 
-0.152520 	 -0.838353 
-0.130105 	 -0.826011 
-0.106338 	 -0.772306 
-0.106060 	 -0.772899 
-0.089434 	 -0.753786 
-0.050326 	 -0.726472 
-0.033221 	 -0.708281 
-0.013097 	 -0.696738 
0.012710 	 -0.684901 
0.041828 	 -0.647882 
0.071265 	 -0.640623 
0.091571 	 -0.626280 
0.130942 	 -0.596631 
0.147366 	 -0.599190 
0.150000 	 -0.550000 
0.230896 	 -0.546574 
0.200000 	 -0.500000 
0.269010 	 -0.517505 
0.250000 	 -0.450000 
0.326316 	 -0.509278 
0.300000 	 -0.400000 
0.322717 	 -0.422358 
0.334265 	 -0.400564 
0.412766 	 -0.438448 
0.388880 	 -0.351451 
0.404494 	 -0.352031 
0.462666 	 -0.295620 
0.496777 	 -0.284690 
0.512081 	 -0.277950 
0.536870 	 -0.233014 
0.548634 	 -0.209314 
0.567055 	 -0.188859 
0.556185 	 -0.159490 
0.566779 	 -0.190127 
0.588255 	 -0.118312 
0.588166 	 -0.113570 
0.571279 	 -0.048560 
0.565348 	 -0.002007 
0.564094 	 0.005269 
0.561681 	 0.047584 
0.558186 	 0.090424 
0.555587 	 0.113918 
0.553627 	 0.140166 
0.551166 	 0.165200 
0.546837 	 0.195335 
0.549918 	 0.170602 
0.531922 	 0.292053 
0.515807 	 0.378959 
0.491592 	 0.452489 
0.469644 	 0.524219 
0.449649 	 0.580236 
0.432306 	 0.643759 
0.430354 	 0.669812 
0.399700 	 0.748755 
0.383212 	 0.796021 
0.381048 	 0.841087 
0.365289 	 0.888787 
0.354752 	 0.933196 
0.342813 	 0.960635 
0.327110 	 1.008483 
0.267561 	 1.100125 
0.275507 	 1.150228 
0.260681 	 1.286808 
0.178623 	 1.464585 
0.165624 	 1.512467 
0.159455 	 1.587798 
0.162161 	 1.612931 
0.169874 	 1.636164 
0.171051 	 1.660783 
0.161875 	 1.683815 
0.160217 	 1.710782 
0.160575 	 1.733376 
0.159949 	 1.758131 
0.159775 	 1.782636 
0.158934 	 1.807253 
0.135653 	 1.829664 
0.158380 	 1.882092 
0.157710 	 1.907394 
0.157495 	 1.931955 
0.156220 	 1.981481 
0.137063 	 2.004585 
0.137118 	 2.029585 
0.137889 	 2.054645 
0.134696 	 2.129433 
0.134462 	 2.154431 
0.139936 	 2.179677 
0.139453 	 2.229738 
0.094820 	 2.252448 
0.094528 	 2.302472 
0.094599 	 2.327501 
0.093822 	 2.377495 
0.093892 	 2.402525 
0.047598 	 2.450782 
0.047261 	 2.500781 
0.047096 	 2.550787 
0.046919 	 2.600793 
0.046719 	 2.625792 
0.046317 	 2.750814 
0.000000 	 2.900000 
0.000000 	 3.000000 
-0.050000 	 3.175000 
-0.050000 	 3.350000 
-0.050000 	 3.375000 
-0.100000 	 3.550000 
-0.100000 	 3.725000 
-0.100000 	 3.800000 
-0.100000 	 3.925000 
-0.128758 	 4.076277 
-0.112240 	 4.250601 
-0.100000 	 4.400000 
0.000000 	 4.500000 
0.000000 	 4.500000 
-0.662614 	 -5.740261 
0.280081 	 -5.800006 
0.400000 	 -5.800000 
0.174960 	 -5.750029 
0.224984 	 -5.750025 
0.274983 	 -5.750022 
0.300004 	 -5.750024 
0.375000 	 -5.750017 
0.400020 	 -5.750019 
0.451142 	 -5.750015 
0.524561 	 -5.750013 
0.551152 	 -5.750013 
0.624571 	 -5.750011 
0.651160 	 -5.750010 
0.724577 	 -5.750009 
0.751167 	 -5.750009 
0.824583 	 -5.750008 
0.851171 	 -5.750007 
0.924587 	 -5.750006 
0.951175 	 -5.750006 
1.024591 	 -5.750006 
1.051178 	 -5.750005 
1.124594 	 -5.750005 
1.151181 	 -5.750005 
1.224596 	 -5.750004 
1.251183 	 -5.750004 
1.324598 	 -5.750004 
1.351185 	 -5.750003 
1.424600 	 -5.750003 
1.451186 	 -5.750003 
1.524600 	 -5.750003 
1.551187 	 -5.750003 
1.624602 	 -5.750003 
1.623914 	 -5.700250 
1.673914 	 -5.700235 
1.723939 	 -5.700221 
1.773937 	 -5.700208 
1.873957 	 -5.700185 
1.923979 	 -5.700174 
2.250000 	 -5.700000 
2.098974 	 -5.700052 
2.273995 	 -5.700008 
2.263502 	 -5.700000 
2.300000 	 -5.750000 
2.037157 	 -5.750510 
2.237157 	 -5.750079 
2.212160 	 -5.750182 
2.187160 	 -5.750230 
2.137157 	 -5.750230 
2.087157 	 -5.750352 
2.087682 	 -5.750379 
2.083232 	 -5.750147 
2.057398 	 -5.800124 
2.083695 	 -5.800343 
2.093591 	 -5.851395 
1.989166 	 -5.901228 
1.885626 	 -5.939677 
1.803135 	 -5.972048 
1.699587 	 -6.014765 
1.554458 	 -6.109203 
1.436930 	 -6.089076 
1.318053 	 -6.129135 
1.202118 	 -6.170899 
1.102188 	 -6.210672 
0.987761 	 -5.986375 
0.922610 	 -6.041028 
0.778228 	 -6.263838 
0.596465 	 -5.966473 
0.482069 	 -6.125156 
0.387132 	 -6.101079 
0.271318 	 -5.903268 
0.146404 	 -5.901084 
0.053047 	 -5.875683 
-0.187729 	 -5.979259 
-0.294838 	 -5.762675 
-0.382920 	 -5.912576 
-0.316092 	 -5.751433 
-0.425622 	 -5.980876 
-0.312705 	 -5.751883 
-0.437540 	 -5.924281 
-0.337896 	 -5.907489 
-0.336650 	 -5.908162 
-0.312145 	 -5.730579 
-0.417000 	 -5.719232 
-0.421197 	 -5.877360 
-0.427572 	 -5.863613 
-0.428649 	 -5.863746 
-0.467724 	 -5.824372 
-0.564133 	 -5.740200 
-0.614726 	 -5.740667 
-0.663008 	 -5.724079 
-0.739058 	 -5.783659 
-0.737083 	 -5.758422 
-0.814609 	 -5.772582 
-0.867068 	 -5.770824 
-0.888290 	 -5.723371 
-0.986547 	 -5.756985 
-1.011530 	 -5.757106 
-1.056244 	 -5.758624 
-1.054629 	 -5.740583 
-1.081199 	 -5.730330 
-1.081203 	 -5.730360 
-1.143606 	 -5.726488 
-1.167950 	 -5.722044 
-1.191929 	 -5.717211 
-1.192806 	 -5.717323 
-1.216919 	 -5.711790 
-1.240803 	 -5.704404 
-1.281618 	 -5.676403 
-1.305237 	 -5.666828 
-1.313537 	 -5.652640 
-1.329805 	 -5.633506 
-1.367998 	 -5.601676 
-1.366404 	 -5.557656 
-1.402418 	 -5.574340 
-1.458545 	 -5.530778 
-1.458635 	 -5.530406 
-1.479132 	 -5.439709 
-1.479265 	 -5.414342 
-1.484723 	 -5.413761 
-1.532711 	 -5.335563 
-1.587840 	 -5.358604 
-1.564824 	 -5.276702 
-1.582414 	 -5.283863 
-1.575793 	 -5.203800 
-1.579835 	 -5.237403 
-1.586595 	 -5.180626 
-1.537906 	 -5.127872 
-1.537966 	 -5.128266 
-1.538852 	 -5.080078 
-1.540121 	 -5.030102 
-1.540183 	 -5.029936 
-1.544594 	 -4.979915 
-1.555890 	 -4.961509 
-1.580838 	 -4.935865 
-1.589953 	 -4.909721 
-1.590451 	 -4.860200 
-1.590882 	 -4.834547 
-1.590483 	 -4.759219 
-1.591344 	 -4.708709 
-1.590976 	 -4.708828 
-1.591833 	 -4.672751 
-1.591790 	 -4.635743 
-1.591984 	 -4.617165 
-1.592372 	 -4.567310 
-1.592806 	 -4.509778 
-1.594832 	 -4.486449 
-1.595391 	 -4.461113 
-1.603239 	 -4.415220 
-1.598257 	 -4.407167 
-1.621891 	 -4.368771 
-1.627831 	 -4.310441 
-1.626284 	 -4.290319 
-1.625449 	 -4.248175 
-1.655967 	 -4.191313 
-1.656348 	 -4.168333 
-1.657791 	 -4.115663 
-1.658250 	 -4.070113 
-1.700004 	 -4.070061 
-1.700006 	 -3.996134 
-1.700001 	 -3.938513 
-1.700020 	 -3.927354 
-1.700002 	 -3.877267 
-1.700011 	 -3.852222 
-1.700000 	 -3.842330 
-1.700004 	 -3.788479 
-1.749143 	 -3.736393 
-1.745315 	 -3.712987 
-1.741041 	 -3.670078 
-1.736944 	 -3.607075 
-1.731403 	 -3.527050 
-1.719471 	 -3.343887 
-1.711915 	 -3.194520 
-1.707018 	 -3.101953 
-1.756869 	 -2.951668 
-1.723993 	 -2.753725 
-1.720022 	 -2.680064 
-1.574155 	 -2.515163 
-1.517807 	 -2.439536 
-1.437504 	 -2.382516 
-1.464838 	 -2.385869 
-1.369002 	 -2.334552 
-1.348292 	 -2.330826 
-1.244503 	 -2.278352 
-1.076217 	 -2.205862 
-1.051079 	 -2.198325 
-0.960140 	 -2.091262 
-0.819353 	 -2.023972 
-0.805736 	 -1.966251 
-0.675567 	 -1.884473 
-0.563804 	 -1.744977 
-0.483502 	 -1.679218 
-0.339391 	 -1.614966 
-0.250496 	 -1.523289 
-0.176031 	 -1.505649 
-0.172207 	 -1.412423 
-0.151953 	 -1.387426 
-0.165047 	 -1.364136 
-0.075307 	 -1.458910 
-0.168384 	 -1.350146 
-0.114496 	 -1.342698 
-0.144213 	 -1.336568 
-0.120901 	 -1.326137 
-0.146499 	 -1.318362 
-0.205096 	 -1.337869 
-0.213459 	 -1.338832 
-0.195000 	 -1.387087 
-0.252659 	 -1.362977 
-0.230814 	 -1.362495 
-0.253137 	 -1.350000 
-0.215262 	 -1.350000 
-0.170016 	 -1.350000 
-0.216340 	 -1.341394 
-0.201938 	 -1.341514 
-0.201800 	 -1.341527 
-0.204213 	 -1.341475 
-0.942829 	 -5.644660 
-0.635988 	 -5.725759 
-0.739213 	 -5.641352 
-0.890792 	 -5.636326 
-1.013634 	 -5.626918 
-1.130267 	 -5.579694 
-1.179085 	 -5.566951 
-1.287649 	 -5.519326 
-1.309054 	 -5.506409 
-1.285548 	 -5.521877 
-1.000000 	 3.500000 
-1.530950 	 -4.513542 
-1.589469 	 -4.115543 
-1.588720 	 -4.189908 
-1.644672 	 -4.178888 
-1.615982 	 -4.113724 
-1.613893 	 -4.093094 
-1.590765 	 -4.040032 
-1.604767 	 -4.041136 
-1.590877 	 -3.989968 
-1.591844 	 -3.966919 
-1.604121 	 -3.946757 
-1.592163 	 -3.893273 
-1.592659 	 -3.842923 
-1.604500 	 -3.842089 
-1.603808 	 -3.793431 
-1.603055 	 -3.742050 
-1.603509 	 -3.719235 
-1.604795 	 -3.666627 
-1.603966 	 -3.642914 
-1.593897 	 -3.597584 
-1.602937 	 -3.568962 
-1.603640 	 -3.522288 
-1.600131 	 -3.493500 
-1.600140 	 -3.470409 
-1.607945 	 -3.417480 
-1.608077 	 -3.379552 
-1.607514 	 -3.319137 
-1.607520 	 -3.269890 
-1.611976 	 -3.236386 
-1.611983 	 -3.186901 
-1.611701 	 -3.168604 
-1.611931 	 -3.133075 
-1.612085 	 -3.094128 
-1.611727 	 -3.070084 
-1.611647 	 -3.013766 
-1.616409 	 -2.968703 
-1.615907 	 -2.945632 
-1.615970 	 -2.898357 
-1.616398 	 -2.871313 
-1.617042 	 -2.824994 
-1.617051 	 -2.791859 
-1.616903 	 -2.744366 
-1.616374 	 -2.719997 
-1.616454 	 -2.668369 
-1.616426 	 -2.523188 
-1.615597 	 -2.428718 
-1.615784 	 -2.295031 
-1.613216 	 -2.122162 
-1.590905 	 -2.024510 
-1.491745 	 -1.858653 
-1.375443 	 -1.724148 
-1.263425 	 -1.608192 
-1.154064 	 -1.505223 
-1.000430 	 -1.457660 
-0.931535 	 -1.418581 
-0.836493 	 -1.337963 
-0.753965 	 -1.333438 
-0.606534 	 -1.238855 
-0.464811 	 -1.184136 
-0.449980 	 -1.157989 
-0.337497 	 -1.064944 
-0.218381 	 -0.959578 
-0.131174 	 -0.891674 
-0.015793 	 -0.742510 
0.172184 	 -0.676887 
0.166281 	 -0.637900 
0.216045 	 -0.643747 
0.205683 	 -0.601655 
0.230522 	 -0.592766 
0.205741 	 -0.593922 
0.204761 	 -0.583591 
0.204302 	 -0.575181 
0.229785 	 -0.569105 
0.204776 	 -0.568739 
0.179791 	 -0.569614 
0.181173 	 -0.588213 
0.153838 	 -0.666894 
0.110473 	 -0.650001 
0.085486 	 -0.640217 
0.722743 	 -0.623307 
0.789219 	 -0.574437 
0.905914 	 -0.450300 
0.960864 	 -0.391520 
0.992216 	 -0.367356 
0.992201 	 -0.360501 
1.010712 	 -0.326927 
1.022984 	 -0.305147 
1.020329 	 -0.277214 
1.054693 	 -0.256942 
1.072363 	 -0.239257 
1.076274 	 -0.144384 
1.065212 	 -0.059716 
1.059113 	 0.016094 
1.061164 	 0.094102 
1.063446 	 0.073169 
1.060979 	 0.098047 
1.063131 	 0.018845 
1.063352 	 0.065750 
1.059979 	 0.043060 
1.074568 	 0.060873 
1.071047 	 0.087489 
1.077510 	 0.107665 
1.071456 	 0.133727 
1.070236 	 0.197277 
1.070738 	 0.244256 
1.078537 	 0.268009 
1.071630 	 0.292036 
1.072878 	 0.339919 
1.041850 	 0.379418 
1.070043 	 0.383130 
1.130047 	 0.443328 
0.264791 	 -5.042124 
0.262812 	 -5.091992 
0.268523 	 -4.926258 
0.269509 	 -4.697096 
0.275697 	 -4.502391 
0.279167 	 -4.355984 
0.278691 	 -4.310359 
0.283885 	 -4.255954 
0.284088 	 -4.146582 
0.284360 	 -4.130908 
0.288886 	 -4.027111 
0.289139 	 -3.907028 
0.289057 	 -3.892877 
0.314884 	 -3.704983 
0.343802 	 -3.568438 
0.363249 	 -3.552728 
0.482052 	 -3.399426 
0.412783 	 -3.450665 
0.424700 	 -3.464816 
0.396035 	 -3.461688 
0.423599 	 -3.373999 
0.450488 	 -3.368286 
0.523047 	 -3.366220 
0.521858 	 -3.356350 
0.521217 	 -3.357305 
0.564677 	 -3.321380 
0.576191 	 -3.296164 
0.596649 	 -3.286450 
0.611910 	 -3.218545 
0.664736 	 -3.211456 
0.659252 	 -3.203836 
0.658863 	 -3.167398 
0.772907 	 -3.116561 
0.821180 	 -3.097317 
0.891245 	 -3.015069 
0.911245 	 -3.000070 
0.999697 	 -2.916403 
1.058843 	 -2.870080 
1.191133 	 -2.741928 
1.324912 	 -2.643393 
1.382564 	 -2.594534 
1.483203 	 -2.520105 
1.618020 	 -2.400119 
1.679278 	 -2.354657 
1.751161 	 -2.230386 
1.900351 	 -2.150265 
1.956960 	 -2.088360 
2.103446 	 -1.986941 
2.251600 	 -1.900271 
2.317332 	 -1.861740 
2.472855 	 -1.793875 
2.497069 	 -1.714999 
2.592194 	 -1.685156 
2.612595 	 -1.679364 
2.543283 	 -1.695974 
2.564829 	 -1.683294 
2.560622 	 -1.681594 
2.548311 	 -1.684964 
2.571701 	 -1.680252 
2.548457 	 -1.676455 
2.572945 	 -1.683474 
2.542776 	 -1.680758 
2.497978 	 -1.685653 
2.480706 	 -1.688867 
2.446736 	 -1.664230 
2.477570 	 -1.663238 
2.123661 	 -2.179235 
2.405671 	 -2.085931 
2.436200 	 -1.852981 
2.548954 	 -1.731176 
2.543652 	 -1.692715 
2.532379 	 -1.650778 
2.581843 	 -1.643109 
2.606184 	 -1.637323 
2.555342 	 -1.635119 
2.554019 	 -1.629315 
2.580530 	 -1.635330 
2.629972 	 -1.670208 
2.629964 	 -1.670153 
2.628898 	 -1.661743 
2.654200 	 -1.662530 
2.685547 	 -1.640448 
2.728737 	 -1.658557 
2.745565 	 -1.640069 
2.820059 	 -1.629205 
2.846901 	 -1.592251 
2.896938 	 -1.576675 
2.950000 	 -1.500000 
3.000000 	 -1.450000 
3.046071 	 -1.498455 
3.050000 	 -1.400000 
3.068602 	 -1.487735 
3.050000 	 -1.400000 
3.077707 	 -1.407064 
3.100269 	 -1.395394 
3.119808 	 -1.381842 
3.145983 	 -1.391662 
3.184509 	 -1.327612 
3.215001 	 -1.288702 
3.232364 	 -1.243878 
3.237515 	 -1.219509 
3.216692 	 -1.123477 
3.268863 	 -1.142120 
3.260391 	 -0.979834 
3.258270 	 -0.888800 
3.257483 	 -0.857440 
3.255969 	 -0.771316 
3.255727 	 -0.748046 
3.254978 	 -0.696292 
3.254112 	 -0.592718 
3.253914 	 -0.567718 
3.254447 	 -0.567489 
3.253624 	 -0.517962 
3.253456 	 -0.492962 
3.252762 	 -0.441613 
3.252861 	 -0.409265 
3.252132 	 -0.384011 
3.251938 	 -0.334011 
3.298143 	 -0.307974 
3.297876 	 -0.257974 
3.297882 	 -0.232745 
3.297751 	 -0.182955 
3.297341 	 -0.159497 
3.343019 	 -0.107724 
3.341506 	 -0.032739 
3.341597 	 -0.007461 
3.341147 	 0.042371 
3.340666 	 0.092649 
3.340055 	 0.117646 
3.337363 	 0.166370 
3.336739 	 0.216666 
3.335925 	 0.241700 
3.335240 	 0.291556 
3.334471 	 0.341813 
3.333487 	 0.366779 
3.332685 	 0.416642 
3.331908 	 0.466977 
3.332129 	 0.491871 
3.329859 	 0.541819 
3.330062 	 0.567154 
3.330300 	 0.592060 
3.329302 	 0.642380 
3.328066 	 0.667395 
3.328261 	 0.692264 
3.326979 	 0.717243 
3.325846 	 0.767612 
3.326041 	 0.792496 
3.324831 	 0.842869 
3.323209 	 0.867777 
3.323456 	 0.892722 
3.321802 	 0.917667 
3.320493 	 0.968046 
3.320706 	 0.993018 
3.318930 	 1.017988 
3.317143 	 1.068265 
3.315349 	 1.118204 
3.313385 	 1.168515 
3.313562 	 1.193525 
3.313745 	 1.218952 
3.309026 	 1.268729 
3.309140 	 1.293754 
3.306650 	 1.344065 
3.303954 	 1.368918 
3.301110 	 1.418781 
3.298059 	 1.469071 
3.297931 	 1.494114 
3.297786 	 1.519605 
3.294632 	 1.544404 
3.291091 	 1.596415 
3.290792 	 1.620243 
3.287438 	 1.645017 
3.283457 	 1.696439 
3.279311 	 1.745099 
3.274790 	 1.796488 
3.273857 	 1.820401 
3.270017 	 1.845105 
3.268907 	 1.871772 
3.263654 	 1.920353 
3.259519 	 1.945008 
3.258029 	 1.971650 
3.251871 	 2.020163 
3.247396 	 2.044761 
3.245293 	 2.071348 
3.242841 	 2.095081 
3.237993 	 2.119605 
3.230245 	 2.170734 
3.226845 	 2.194339 
3.221532 	 2.218769 
3.218074 	 2.245313 
3.202147 	 2.290638 
3.196956 	 2.315091 
3.191814 	 2.341114 
3.185059 	 2.365183 
3.182237 	 2.390174 
3.171250 	 2.413559 
3.154389 	 2.460630 
3.144617 	 2.482471 
3.135793 	 2.507264 
3.123624 	 2.527973 
3.116284 	 2.554282 
3.087628 	 2.594105 
3.075113 	 2.616095 
3.046974 	 2.657499 
3.032134 	 2.677616 
3.018187 	 2.698533 
2.987609 	 2.738089 
2.989908 	 2.740061 
2.947287 	 2.802274 
2.931613 	 2.821750 
2.892082 	 2.853675 
2.878430 	 2.874900 
2.849085 	 2.915598 
2.832883 	 2.934638 
2.799749 	 2.972364 
2.766690 	 3.009601 
2.750414 	 3.028577 
2.734089 	 3.047513 
2.686227 	 3.105274 
0.189870 	 -5.029878 
0.193561 	 -4.969413 
0.140618 	 -4.785735 
0.312063 	 -4.623806 
0.123403 	 -4.436002 
0.363137 	 -4.282958 
0.362359 	 -4.201809 
0.328974 	 -3.992175 
0.375282 	 -3.818602 
0.374649 	 -3.740668 
0.376879 	 -3.585821 
0.383764 	 -3.531246 
0.372504 	 -3.519556 
0.384339 	 -3.483531 
0.388488 	 -3.406093 
0.382336 	 -3.353387 
0.421254 	 -3.222928 
0.424143 	 -3.053145 
0.454762 	 -2.973400 
0.502293 	 -2.891357 
0.580503 	 -2.797384 
0.663956 	 -2.740382 
0.761250 	 -2.617515 
0.832234 	 -2.562255 
0.887399 	 -2.511321 
0.986431 	 -2.409994 
1.055547 	 -2.343480 
1.104378 	 -2.279590 
1.234767 	 -2.162977 
1.357421 	 -2.043590 
1.397318 	 -1.969093 
1.540257 	 -1.846395 
1.628854 	 -1.746346 
1.685166 	 -1.658124 
1.813531 	 -1.538830 
1.938935 	 -1.404725 
2.011994 	 -1.338219 
2.140895 	 -1.219517 
2.266702 	 -1.099474 
2.324344 	 -1.046838 
2.437967 	 -0.960035 
2.565215 	 -0.831997 
2.677566 	 -0.732088 
2.817101 	 -0.623781 
2.892749 	 -0.558903 
2.993463 	 -0.432142 
3.158025 	 -0.327180 
3.212274 	 -0.271072 
3.355571 	 -0.174371 
3.497602 	 -0.079531 
3.547824 	 -0.019150 
3.705437 	 0.053834 
3.728769 	 0.062402 
3.754421 	 0.067063 
3.760042 	 0.056965 
3.820743 	 0.100138 
3.800000 	 0.150000 
3.841141 	 0.113783 
3.845772 	 0.129164 
3.800000 	 0.100000 
3.844687 	 0.151754 
3.864095 	 0.146243 
3.887273 	 0.155858 
3.904407 	 0.174249 
3.937410 	 0.161559 
3.949625 	 0.254202 
4.036202 	 0.299821 
4.057373 	 0.312541 
4.071562 	 0.414992 
4.069628 	 0.416042 
4.069734 	 0.416225 
4.070114 	 0.415878 
4.081478 	 0.438163 
4.081992 	 0.472939 
4.080855 	 0.447696 
4.082172 	 0.472661 
4.085268 	 0.575646 
4.091942 	 0.734432 
4.091098 	 0.746282 
4.086884 	 0.815074 
4.090775 	 0.846788 
4.091179 	 0.878942 
4.091429 	 0.882273 
4.092430 	 0.931074 
4.093311 	 0.980163 
4.101538 	 0.978443 
4.101665 	 1.037514 
4.156710 	 1.055220 
4.220421 	 1.097763 
4.225794 	 1.173417 
4.228966 	 1.203327 
4.230498 	 1.226579 
4.243527 	 1.280163 
4.127271 	 1.345718 
4.117220 	 1.184846 
4.149999 	 1.274593 
4.110498 	 1.302244 
4.107968 	 1.227682 
4.181955 	 1.298339 
4.186444 	 1.453368 
4.150003 	 1.531040 
4.150044 	 1.576004 
4.150156 	 1.605997 
4.172095 	 1.846684 
4.183609 	 1.907388 
4.182273 	 1.932347 
4.187404 	 2.003587 
4.185968 	 2.020788 
4.187720 	 2.068658 
4.187169 	 2.095855 
4.186782 	 1.978642 
4.185559 	 2.003658 
4.185279 	 2.045654 
4.186806 	 2.078777 
4.189096 	 2.103750 
4.190413 	 2.145606 
4.188307 	 2.120628 
4.186980 	 2.136480 
4.193036 	 2.195486 
4.200000 	 2.236412 
4.193338 	 2.261234 
4.190537 	 2.295717 
4.191797 	 2.336250 
4.200000 	 2.336254 
4.200000 	 2.361216 
4.192369 	 2.420541 
4.200000 	 2.449696 
4.200000 	 2.489495 
4.200000 	 2.524906 
4.200000 	 2.549698 
4.200000 	 2.589497 
4.200000 	 2.624899 
4.200000 	 2.649899 
4.200000 	 2.689462 
4.200000 	 2.724746 
4.200000 	 2.749902 
4.200000 	 2.789502 
4.200000 	 2.824913 
4.200000 	 2.849747 
4.200000 	 2.890917 
4.169519 	 2.921419 
4.192983 	 2.949985 
4.200000 	 2.990758 
4.200000 	 2.990921 
4.200000 	 3.015921 
4.200000 	 3.049756 
4.200000 	 3.090961 
4.200000 	 3.115961 
4.200000 	 3.143500 
4.200000 	 3.190967 
4.200000 	 3.215773 
4.200000 	 3.218703 
4.200000 	 3.243508 
4.200000 	 3.265982 
4.200000 	 3.318711 
4.200000 	 3.343718 
4.200000 	 3.365991 
4.200000 	 3.390984 
4.200000 	 3.440569 
4.200000 	 3.465569 
4.200000 	 3.491004 
4.200000 	 3.515581 
4.200000 	 3.540581 
4.200000 	 3.566017 
4.200000 	 3.615598 
4.200000 	 3.640598 
4.200000 	 3.691036 
4.200000 	 3.715619 
4.200000 	 3.740619 
4.199999 	 3.791060 
4.200000 	 3.766060 
4.199999 	 3.815647 
4.199997 	 3.841101 
4.199993 	 3.866101 
4.199719 	 3.866863 
4.199486 	 3.891861 
4.199500 	 3.901186 
4.194861 	 3.966670 
4.182088 	 4.024655 
4.171549 	 4.062973 
4.165137 	 4.079700 
4.160372 	 4.100760 
4.139600 	 4.150203 
4.127857 	 4.172273 
4.129790 	 4.169069 
4.114643 	 4.192687 
4.087587 	 4.226958 
4.056694 	 4.227077 
4.040920 	 4.246596 
4.003195 	 4.274259 
4.021454 	 4.257183 
3.966062 	 4.310858 
3.946813 	 4.326811 
3.971803 	 4.324707 
3.884007 	 4.364563 
3.889871 	 4.375612 
3.888521 	 4.376637 
3.847737 	 4.405564 
3.775054 	 4.425774 
3.762332 	 4.455171 
3.694284 	 4.486374 
3.733042 	 4.506668 
3.691843 	 4.537917 
3.638709 	 4.542104 
3.596968 	 4.572446 
3.551688 	 4.591361 
3.512404 	 4.624420 
3.468204 	 4.647794 
3.412537 	 4.648552 
3.382205 	 4.699106 
3.330947 	 4.708312 
3.308882 	 4.720067 
3.281864 	 4.722435 
3.240451 	 4.751064 
3.196489 	 4.774884 
3.097435 	 4.915866 
2.945119 	 5.005265 
2.860639 	 5.063799 
2.704495 	 5.147946 
2.560581 	 5.190421 
2.487950 	 5.208237 
2.383396 	 5.288115 
2.267183 	 5.291483 
2.193521 	 5.349694 
2.023671 	 5.391957 
2.000000 	 5.500000 
2.000000 	 5.500000 
0.067440 	 -5.075630 
0.075333 	 -4.950053 
0.086557 	 -4.773964 
0.094052 	 -4.597144 
0.130578 	 -4.477335 
0.365084 	 -4.333900 
0.363835 	 -4.266966 
0.369677 	 -4.092411 
0.374764 	 -3.827451 
0.374876 	 -3.732564 
0.379535 	 -3.579056 
0.383635 	 -3.521908 
0.384130 	 -3.496913 
0.384727 	 -3.422376 
0.388782 	 -3.354108 
0.389266 	 -3.329114 
0.411811 	 -3.215263 
0.436205 	 -3.108309 
0.432415 	 -3.076176 
0.484508 	 -2.968941 
0.566437 	 -2.843581 
0.579067 	 -2.783044 
0.621136 	 -2.774473 
0.612296 	 -2.776321 
0.612712 	 -2.747968 
0.663697 	 -2.736568 
0.675723 	 -2.713531 
0.692656 	 -2.695141 
0.757104 	 -2.633838 
0.821115 	 -2.550598 
0.868380 	 -2.508920 
0.933590 	 -2.431077 
1.035274 	 -2.314987 
1.081220 	 -2.297036 
1.173239 	 -2.166614 
1.320180 	 -2.023732 
1.365499 	 -1.971351 
1.474570 	 -1.867982 
1.586019 	 -1.738402 
1.659814 	 -1.660149 
1.803983 	 -1.570384 
1.808298 	 -1.399115 
1.970613 	 -1.267139 
2.109632 	 -1.157143 
2.237316 	 -1.036178 
2.371466 	 -0.957236 
2.496087 	 -0.877280 
2.548132 	 -0.811027 
2.673196 	 -0.698714 
2.815221 	 -0.599139 
2.891188 	 -0.531299 
3.037895 	 -0.443336 
3.142174 	 -0.327041 
3.235698 	 -0.174801 
3.398886 	 -0.065807 
3.448665 	 0.000229 
3.613040 	 0.056629 
3.681674 	 0.053745 
3.682337 	 0.024325 
3.738227 	 0.069197 
3.704958 	 0.034500 
3.703818 	 0.035764 
3.655437 	 0.084499 
3.724645 	 0.112314 
3.748044 	 0.121294 
3.800000 	 0.100000 
3.792151 	 0.076264 
3.780327 	 0.054237 
3.743624 	 0.029462 
3.742174 	 0.026257 
3.696398 	 0.011077 
3.717461 	 -0.017319 
3.700000 	 0.100000 
3.764052 	 0.124416 
3.782471 	 0.092166 
3.793041 	 0.149400 
3.859015 	 0.173553 
3.932634 	 0.327934 
3.987158 	 0.440757 
3.975379 	 0.418710 
3.951676 	 0.374701 
3.963886 	 0.396589 
3.951889 	 0.374443 
3.948599 	 0.446375 
3.912761 	 0.380493 
3.966461 	 0.464263 
3.965010 	 0.654919 
3.965027 	 0.654303 
4.036083 	 0.742039 
4.024542 	 0.858309 
3.990378 	 0.875126 
3.985607 	 0.824387 
3.982474 	 0.899223 
3.988158 	 0.923254 
3.990874 	 0.972865 
4.048921 	 1.024110 
4.098097 	 1.108362 
4.049144 	 1.133515 
4.049999 	 1.151009 
4.049996 	 1.194901 
4.049996 	 1.287344 
4.056180 	 1.339122 
4.106128 	 1.348863 
4.105873 	 1.395068 
4.105847 	 1.446071 
4.105239 	 1.545607 
4.117923 	 1.579003 
4.106746 	 1.654904 
4.113379 	 1.686171 
4.101186 	 1.785906 
4.080983 	 1.848199 
4.072129 	 1.893465 
4.072443 	 1.856532 
4.071340 	 1.887683 
4.082857 	 1.912504 
4.075435 	 1.956491 
4.071289 	 1.987522 
4.078261 	 2.012409 
4.081121 	 2.029488 
4.071446 	 2.044809 
4.069399 	 2.069844 
4.069106 	 2.114063 
4.074195 	 2.137419 
4.083614 	 2.140052 
4.076845 	 2.186326 
4.085166 	 2.229254 
4.082092 	 2.254344 
4.074999 	 2.304547 
4.083217 	 2.329263 
4.083742 	 2.354257 
4.074886 	 2.404545 
4.084731 	 2.429256 
4.082276 	 2.479218 
4.084989 	 2.504482 
4.083240 	 2.554237 
4.086090 	 2.604508 
4.084528 	 2.654378 
4.085929 	 2.654388 
4.096181 	 2.591158 
4.149996 	 2.636028 
4.149996 	 2.689318 
4.149999 	 2.717546 
4.150000 	 2.714352 
4.150000 	 2.736064 
4.150000 	 2.767435 
4.104570 	 2.857327 
4.105644 	 2.882627 
4.093009 	 2.904779 
4.093038 	 2.929653 
4.092520 	 2.979839 
4.090293 	 3.013498 
4.090241 	 3.037871 
4.090152 	 3.063585 
4.090251 	 3.081812 
4.088605 	 3.097865 
4.088594 	 3.145311 
4.087638 	 3.172960 
4.105918 	 3.139347 
4.150000 	 3.164389 
4.150000 	 3.214389 
4.150000 	 3.234520 
4.150000 	 3.264401 
4.150000 	 3.289401 
4.150000 	 3.310324 
4.150000 	 3.332282 
4.150000 	 3.338927 
4.150000 	 3.388927 
4.150000 	 3.407298 
4.150000 	 3.438948 
4.150000 	 3.488948 
4.099999 	 3.542365 
4.099996 	 3.569788 
4.099993 	 3.594788 
4.099967 	 3.642392 
4.099951 	 3.669817 
4.099541 	 3.720937 
4.098984 	 3.770282 
4.098198 	 3.795270 
4.097440 	 3.844013 
4.093672 	 3.870049 
4.087383 	 3.894245 
4.082625 	 3.917525 
4.033924 	 3.970491 
4.009480 	 4.016175 
3.994702 	 4.034383 
3.981128 	 4.057384 
3.949338 	 4.095961 
3.947849 	 4.092880 
3.933054 	 4.114957 
3.916086 	 4.133318 
3.881053 	 4.168057 
3.858180 	 4.178052 
3.846157 	 4.205680 
3.824100 	 4.220139 
3.785167 	 4.247339 
3.742760 	 4.274509 
3.752280 	 4.290198 
3.673732 	 4.305263 
3.660431 	 4.330852 
3.639720 	 4.344777 
3.613799 	 4.350589 
3.575957 	 4.384165 
3.554871 	 4.397595 
3.545023 	 4.428812 
3.523497 	 4.441387 
3.488510 	 4.480268 
3.426563 	 4.475389 
3.414166 	 4.502414 
3.395491 	 4.519625 
3.348621 	 4.539092 
3.307662 	 4.567822 
3.254506 	 4.624411 
3.191463 	 4.665038 
3.117472 	 4.688115 
2.988754 	 4.765209 
2.898261 	 4.856310 
2.810152 	 4.903881 
2.668489 	 5.007923 
2.540699 	 5.086543 
2.390650 	 5.176644 
2.281162 	 5.236989 
2.196162 	 5.289794 
2.065907 	 5.364205 
2.000000 	 5.500000 
2.000000 	 5.500000 
-0.896203 	 -5.558218 
-0.601810 	 -5.670203 
-0.643667 	 -5.481723 
-0.818358 	 -5.342863 
-0.973741 	 -5.216096 
-1.115713 	 -5.085411 
-1.196879 	 -5.019450 
-1.332427 	 -4.925777 
-1.474628 	 -4.834628 
-1.562955 	 -4.761508 
-1.724406 	 -4.702143 
-1.845547 	 -4.624987 
-1.910891 	 -4.563961 
-2.060492 	 -4.464498 
-2.170711 	 -4.412784 
-2.136268 	 -4.377051 
-2.179217 	 -4.349521 
-2.192866 	 -4.324280 
-2.099615 	 -4.348437 
-2.168824 	 -4.485110 
-2.081409 	 -4.562390 
-2.027506 	 -4.522156 
-2.016134 	 -4.337995 
-2.116266 	 -4.320779 
-2.212379 	 -4.327614 
-2.191791 	 -4.279679 
-2.266675 	 -4.275540 
-2.366016 	 -4.420010 
-2.327375 	 -4.428532 
-2.291089 	 -4.475972 
-2.310886 	 -4.322019 
-2.462938 	 -4.333087 
-2.465297 	 -4.286947 
-2.539686 	 -4.284293 
-2.613537 	 -4.274709 
-2.631681 	 -4.277775 
-2.731624 	 -4.282891 
-2.756235 	 -4.276853 
-2.781287 	 -4.275581 
-2.856284 	 -4.284073 
-2.856232 	 -4.276960 
-2.881064 	 -4.280004 
-2.914585 	 -4.278152 
-2.938245 	 -4.280126 
-2.959796 	 -4.275425 
-3.005649 	 -4.274285 
-3.030585 	 -4.274055 
-3.053982 	 -4.268554 
-3.078832 	 -4.266285 
-3.129203 	 -4.259953 
-3.153348 	 -4.253469 
-3.174555 	 -4.239988 
-3.210260 	 -4.247644 
-3.233809 	 -4.239250 
-3.282561 	 -4.228076 
-3.307172 	 -4.222502 
-3.330762 	 -4.214229 
-3.368875 	 -4.182013 
-3.390427 	 -4.169445 
-3.390208 	 -4.169154 
-3.427103 	 -4.136352 
-3.427032 	 -4.136215 
-3.444071 	 -4.125923 
-3.465907 	 -4.105052 
-3.500124 	 -4.076750 
-3.518729 	 -4.060050 
-3.540787 	 -4.039223 
-3.578780 	 -3.979967 
-3.582838 	 -3.955617 
-3.588262 	 -3.914189 
-3.607949 	 -3.898644 
-3.624596 	 -3.879993 
-3.619916 	 -3.817239 
-3.616206 	 -3.792546 
-3.621353 	 -3.816171 
-3.632573 	 -3.783308 
-3.636163 	 -3.741036 
-3.637855 	 -3.763199 
-3.636656 	 -3.707292 
-3.635850 	 -3.732279 
-3.635388 	 -3.665387 
-3.636075 	 -3.665310 
-3.636990 	 -3.613626 
-3.637963 	 -3.569120 
-3.638012 	 -3.565953 
-3.639047 	 -3.513029 
-3.639737 	 -3.491660 
-3.640605 	 -3.471194 
-3.689620 	 -3.445921 
-3.691022 	 -3.370209 
-3.691061 	 -3.366151 
-3.691127 	 -3.314988 
-3.691878 	 -3.268371 
-3.691652 	 -3.269044 
-3.692622 	 -3.221255 
-3.692819 	 -3.162917 
-3.692951 	 -3.145106 
-3.693787 	 -3.117509 
-3.693780 	 -3.068627 
-3.693906 	 -3.046010 
-3.700000 	 -3.013231 
-3.700000 	 -2.968149 
-3.700000 	 -2.944160 
-3.707692 	 -2.888596 
-3.707685 	 -2.837709 
-3.707525 	 -2.820521 
-3.707658 	 -2.784328 
-3.707524 	 -2.720383 
-3.707701 	 -2.689665 
-3.707483 	 -2.664928 
-3.711638 	 -2.613630 
-3.711703 	 -2.568695 
-3.711993 	 -2.537391 
-3.711338 	 -2.487760 
-3.711330 	 -2.438206 
-3.711367 	 -2.394154 
-3.712040 	 -2.390919 
-3.712120 	 -2.346805 
-3.715893 	 -2.292662 
-3.716344 	 -2.268306 
-3.716754 	 -2.230429 
-3.716537 	 -2.162261 
-3.715676 	 -2.112638 
-3.716055 	 -2.102631 
-3.715133 	 -2.051549 
-3.715638 	 -2.030377 
-3.715861 	 -1.987471 
-3.714875 	 -1.936912 
-3.715382 	 -1.921439 
-3.716207 	 -1.883077 
-3.715004 	 -1.846297 
-3.715207 	 -1.807014 
-3.710742 	 -1.796405 
-3.710737 	 -1.746397 
-3.711042 	 -1.721385 
-3.710725 	 -1.696387 
-3.710694 	 -1.646376 
-3.710969 	 -1.621361 
-3.710615 	 -1.596363 
-3.710416 	 -1.546350 
-3.709920 	 -1.496339 
-3.709764 	 -1.473373 
-3.708760 	 -1.448392 
-3.707650 	 -1.421371 
-3.707250 	 -1.373414 
-3.685131 	 -1.351333 
-3.683505 	 -1.330256 
-3.670153 	 -1.278958 
-3.635046 	 -1.223991 
-3.636236 	 -1.191282 
-3.623474 	 -1.158599 
-3.586300 	 -1.157004 
-3.605581 	 -1.129497 
-3.546596 	 -1.095096 
-3.555534 	 -1.118444 
-3.550000 	 -1.100000 
-3.500000 	 -1.100000 
-3.554796 	 -1.075355 
-3.510724 	 -1.012601 
-3.503261 	 -1.027896 
-3.450291 	 -0.996750 
-3.433237 	 -0.976437 
-3.422318 	 -0.942882 
-3.379534 	 -0.922674 
-3.354802 	 -0.892326 
-3.304209 	 -0.896135 
-3.293994 	 -0.866691 
-3.245104 	 -0.862720 
-3.296004 	 -0.824563 
-3.201447 	 -0.818673 
-3.247134 	 -0.806975 
-3.224494 	 -0.793571 
-3.118709 	 -0.854079 
-3.101527 	 -0.872800 
-3.027915 	 -0.878662 
-2.944379 	 -0.848703 
-2.756432 	 -0.778069 
-2.730424 	 -0.715720 
-2.669575 	 -0.798771 
-2.714836 	 -0.851658 
-2.783325 	 -0.815013 
-2.755360 	 -0.765385 
-2.807893 	 -0.491450 
-2.679411 	 -0.679780 
-2.754332 	 -0.684049 
-2.704383 	 -0.681794 
-2.689115 	 -0.631125 
-2.639139 	 -0.629796 
-2.589133 	 -0.629796 
-2.534627 	 -0.630007 
-2.488279 	 -0.630314 
-2.488805 	 -0.630330 
-2.434594 	 -0.628752 
-2.395093 	 -0.579159 
-2.290923 	 -0.576997 
-2.240923 	 -0.576997 
-2.215939 	 -0.576093 
-2.165939 	 -0.576093 
-2.115966 	 -0.574475 
-2.090953 	 -0.575263 
-2.040953 	 -0.575263 
-1.990976 	 -0.573750 
-1.965966 	 -0.574475 
-1.915966 	 -0.574475 
-1.884684 	 -0.519197 
-1.859736 	 -0.519651 
-1.834881 	 -0.523005 
-1.789287 	 -0.575214 
-1.739469 	 -0.573711 
-1.714660 	 -0.574440 
-1.665095 	 -0.573038 
-1.665253 	 -0.574456 
-1.615458 	 -0.574461 
-1.598396 	 -0.573941 
-1.573406 	 -0.573238 
-1.548396 	 -0.573941 
-1.498396 	 -0.573941 
-1.473406 	 -0.573238 
-1.423474 	 -0.573240 
-1.398464 	 -0.573943 
-1.373586 	 -0.573243 
-1.324476 	 -0.573264 
-1.300863 	 -0.574064 
-1.282266 	 -0.573527 
-1.231705 	 -0.573512 
-1.206695 	 -0.574223 
-1.181087 	 -0.573497 
-1.149961 	 -0.574011 
-1.088183 	 -0.573678 
-1.089216 	 -0.573705 
-1.038183 	 -0.573678 
-1.007389 	 -0.574241 
-0.982642 	 -0.573537 
-0.966280 	 -0.574484 
-0.910737 	 -0.574333 
-0.860567 	 -0.572930 
-0.828460 	 -0.573430 
-0.784552 	 -0.573585 
-0.759561 	 -0.572906 
-0.732241 	 -0.573526 
-0.707231 	 -0.574238 
-0.666279 	 -0.574484 
-0.616649 	 -0.574494 
-0.611188 	 -0.574345 
-0.561188 	 -0.574345 
-0.538251 	 -0.573680 
-0.514089 	 -0.573014 
-0.491659 	 -0.573768 
-0.413240 	 -0.574401 
-0.388250 	 -0.573680 
-0.361186 	 -0.574345 
-0.326739 	 -0.573385 
-0.333218 	 -0.573551 
-0.293049 	 -0.573804 
-0.258414 	 -0.574270 
-0.178871 	 -0.573440 
-0.141718 	 -0.573769 
-0.111722 	 -0.574360 
-0.088912 	 -0.573697 
-0.086732 	 -0.573641 
-0.061721 	 -0.574360 
-0.036732 	 -0.573641 
0.009785 	 -0.573730 
0.056955 	 -0.573804 
0.073564 	 -0.573378 
0.106128 	 -0.573824 
0.166119 	 -0.573568 
0.195114 	 -0.574174 
0.232662 	 -0.573093 
0.281949 	 -0.573109 
0.281970 	 -0.574531 
0.331950 	 -0.573109 
0.381950 	 -0.573109 
0.366122 	 -0.573568 
0.394102 	 -0.574201 
0.429260 	 -0.573170 
0.453794 	 -0.573884 
0.519098 	 -0.573492 
0.545408 	 -0.574166 
0.570397 	 -0.573459 
0.620398 	 -0.573459 
0.645409 	 -0.574166 
0.670398 	 -0.573459 
0.722733 	 -0.573399 
0.724148 	 -0.573362 
0.745410 	 -0.574165 
0.795410 	 -0.574165 
0.818539 	 -0.573505 
0.846597 	 -0.574132 
0.871587 	 -0.573427 
0.922399 	 -0.573407 
0.947409 	 -0.574111 
0.997409 	 -0.574111 
1.047418 	 -0.574110 
1.048847 	 -0.574069 
1.098854 	 -0.574068 
1.123837 	 -0.573367 
1.147418 	 -0.574110 
1.190967 	 -0.574280 
1.248861 	 -0.574066 
1.273897 	 -0.574817 
1.323866 	 -0.573359 
1.349639 	 -0.574026 
1.361188 	 -0.574216 
1.411381 	 -0.525024 
1.458841 	 -0.525103 
1.481620 	 -0.524764 
1.508588 	 -0.524876 
1.533718 	 -0.524798 
1.574723 	 -0.524737 
1.628333 	 -0.524772 
1.656177 	 -0.524898 
1.706091 	 -0.524895 
1.724928 	 -0.524750 
1.773078 	 -0.524870 
1.799362 	 -0.524886 
1.821848 	 -0.524735 
1.847975 	 -0.524802 
1.874513 	 -0.525216 
1.897516 	 -0.524801 
1.923829 	 -0.524803 
1.989577 	 -0.524881 
1.996892 	 -0.524843 
2.045502 	 -0.524804 
2.069043 	 -0.524728 
2.095460 	 -0.524824 
2.143966 	 -0.524797 
2.187644 	 -0.524802 
2.193972 	 -0.524800 
2.212702 	 -0.524824 
2.269010 	 -0.524827 
2.292381 	 -0.524791 
2.343994 	 -0.524934 
2.367391 	 -0.524756 
2.383254 	 -0.524766 
2.404326 	 -0.524814 
2.440587 	 -0.524782 
2.493969 	 -0.525252 
2.540544 	 -0.524788 
2.581965 	 -0.525023 
2.604270 	 -0.524649 
2.654283 	 -0.524785 
2.679256 	 -0.524676 
2.704270 	 -0.524759 
2.754241 	 -0.524634 
2.779241 	 -0.524615 
2.804241 	 -0.524634 
2.829207 	 -0.524319 
2.854224 	 -0.524491 
2.879207 	 -0.524319 
2.929187 	 -0.523978 
2.954160 	 -0.522955 
3.004160 	 -0.522955 
3.029070 	 -0.520177 
3.054119 	 -0.521442 
3.104019 	 -0.518591 
3.128891 	 -0.516183 
3.153891 	 -0.515955 
3.178774 	 -0.513676 
3.221042 	 -0.490872 
3.269718 	 -0.479462 
3.293782 	 -0.472658 
3.318288 	 -0.467708 
3.350000 	 -0.400000 
3.400000 	 -0.350000 
3.408682 	 -0.383311 
3.445178 	 -0.350017 
3.466597 	 -0.338595 
3.487096 	 -0.324008 
3.524480 	 -0.292740 
3.545925 	 -0.244680 
3.558193 	 -0.273225 
3.583559 	 -0.180500 
3.595789 	 -0.158694 
3.596433 	 -0.159152 
3.630164 	 -0.122494 
3.636884 	 -0.048330 
3.636801 	 -0.047936 
3.620833 	 0.023703 
3.627791 	 0.029427 
3.629257 	 0.050633 
3.637004 	 0.067259 
3.637532 	 0.094217 
3.636771 	 0.109101 
3.672035 	 0.152096 
3.675847 	 0.182709 
3.683347 	 0.214063 
3.689331 	 0.236517 
3.677307 	 0.315486 
3.681290 	 0.292221 
3.688610 	 0.349560 
3.690471 	 0.400029 
3.692040 	 0.464076 
3.691492 	 0.505381 
3.685799 	 0.532378 
3.691973 	 0.556616 
3.691646 	 0.611630 
3.690174 	 0.636722 
3.650926 	 0.665997 
3.650804 	 0.691809 
3.652628 	 0.714469 
3.654532 	 0.766014 
3.706508 	 0.811379 
3.707466 	 0.861335 
3.707109 	 0.875615 
3.707561 	 0.919988 
3.708100 	 0.944714 
3.749356 	 0.983930 
3.749283 	 1.056664 
3.749234 	 1.081663 
3.749144 	 1.134024 
3.749007 	 1.167090 
3.749770 	 1.181555 
3.785301 	 1.242829 
3.783969 	 1.296488 
3.783803 	 1.317966 
3.782257 	 1.371681 
3.780110 	 1.413840 
3.779741 	 1.435248 
3.778380 	 1.477423 
3.773883 	 1.552287 
3.774419 	 1.556954 
3.772190 	 1.602466 
3.768506 	 1.652329 
3.767381 	 1.676829 
3.764475 	 1.722592 
3.761101 	 1.752006 
3.760552 	 1.763664 
3.757187 	 1.802084 
3.752460 	 1.847931 
3.750176 	 1.863935 
3.739076 	 1.909339 
3.731487 	 1.940497 
3.746102 	 1.931258 
3.734238 	 1.979633 
3.728401 	 2.001592 
3.722980 	 2.015643 
3.714763 	 2.042902 
3.698400 	 2.082036 
3.686617 	 2.105711 
3.675048 	 2.127982 
3.669637 	 2.133119 
3.639125 	 2.175264 
3.624976 	 2.196964 
3.625000 	 2.203134 
3.607680 	 2.222406 
3.576793 	 2.245027 
3.545185 	 2.264610 
3.537627 	 2.279315 
3.455344 	 2.294881 
3.488486 	 2.332637 
3.418668 	 2.339500 
3.409445 	 2.320826 
3.317745 	 2.343963 
3.379926 	 2.385954 
3.258447 	 2.368760 
3.310423 	 2.425230 
3.184174 	 2.391286 
3.185195 	 2.391088 
3.139417 	 2.378783 
3.183357 	 2.481837 
3.024381 	 2.437856 
3.069199 	 2.423300 
3.013185 	 2.447174 
2.996987 	 2.509794 
3.004564 	 2.637358 
2.847116 	 2.652580 
2.785171 	 2.713763 
2.688795 	 2.720598 
2.590740 	 2.506201 
2.647823 	 2.450334 
2.712841 	 2.727815 
2.544078 	 2.554179 
2.637871 	 2.755130 
2.478232 	 2.768088 
2.369558 	 2.777987 
2.340332 	 2.777072 
2.309922 	 2.778127 
2.285788 	 2.773799 
2.235665 	 2.775095 
2.211170 	 2.773673 
2.161251 	 2.775688 
2.089115 	 2.765906 
2.063049 	 2.765734 
2.011821 	 2.767103 
1.945029 	 2.679576 
1.965391 	 2.770117 
1.891461 	 2.770962 
1.840058 	 2.769425 
1.834149 	 2.767823 
1.782379 	 2.764556 
1.756394 	 2.754218 
1.706409 	 2.744419 
1.673356 	 2.812705 
1.651657 	 2.727162 
1.605078 	 2.794291 
1.649678 	 2.779869 
1.592118 	 2.741525 
1.569757 	 2.788863 
1.546141 	 2.797344 
1.546343 	 2.797861 
1.529878 	 2.811678 
1.480495 	 2.816113 
1.455410 	 2.818952 
1.451541 	 2.808205 
1.408733 	 2.818584 
1.315148 	 2.810376 
1.267580 	 2.814134 
1.235324 	 2.812470 
1.216554 	 2.812578 
1.191872 	 2.811986 
1.210217 	 2.812901 
1.166611 	 2.814545 
1.139092 	 2.813709 
1.085277 	 2.814411 
1.043413 	 2.816956 
1.039723 	 2.814868 
0.984255 	 2.814449 
0.961054 	 2.815538 
0.941706 	 2.816632 
0.884445 	 2.818003 
0.766426 	 2.818970 
0.741313 	 2.819769 
0.715589 	 2.818599 
0.681627 	 2.817482 
0.691261 	 2.820801 
0.641175 	 2.820810 
0.605143 	 2.843920 
0.606860 	 2.815849 
0.595327 	 2.819911 
0.558806 	 2.816086 
0.530797 	 2.802631 
0.477837 	 2.799143 
0.433119 	 2.809131 
0.416665 	 2.798418 
0.401090 	 2.861142 
0.381516 	 2.854321 
0.355338 	 2.865314 
0.309155 	 2.868544 
0.253649 	 2.866953 
0.229146 	 2.866277 
0.180403 	 2.871433 
0.155149 	 2.868984 
0.155374 	 2.873364 
0.105468 	 2.873357 
0.077728 	 2.869444 
0.068306 	 2.873943 
0.035374 	 2.872812 
-0.017221 	 2.863724 
-0.037011 	 2.864823 
-0.084136 	 2.863712 
-0.116888 	 2.863692 
-0.138207 	 2.863838 
-0.193166 	 2.865810 
-0.243077 	 2.867423 
-0.262915 	 2.865280 
-0.291102 	 2.867575 
-0.334394 	 2.867600 
-0.359753 	 2.866950 
-0.411221 	 2.868108 
-0.486478 	 2.868259 
-0.509862 	 2.869870 
-0.514923 	 2.866391 
-0.584733 	 2.871314 
-0.533411 	 2.868956 
-0.584100 	 2.869986 
-0.609211 	 2.871111 
-0.635465 	 2.862256 
-0.710800 	 2.870903 
-0.746998 	 2.844972 
-0.781877 	 2.877829 
-0.780663 	 2.889092 
-0.825916 	 2.907183 
-0.844126 	 2.910300 
-0.897453 	 2.825733 
-0.944601 	 2.918956 
-0.920327 	 2.916213 
-0.969710 	 2.919205 
-1.024491 	 2.916713 
-1.045430 	 2.919046 
-1.071967 	 2.911975 
-1.121622 	 2.923268 
-1.099161 	 2.919821 
-1.142855 	 2.921334 
-1.173807 	 2.921759 
-1.198923 	 2.921764 
-1.278116 	 2.913455 
-1.303838 	 2.910166 
-1.326771 	 2.915209 
-1.378386 	 2.913495 
-1.399629 	 2.914524 
-1.423938 	 2.913207 
-1.451166 	 2.916757 
-1.497005 	 2.913213 
-1.503939 	 2.916257 
-1.547197 	 2.916609 
-1.604308 	 2.916312 
-1.625068 	 2.917238 
-1.648830 	 2.916078 
-1.691122 	 2.918494 
-1.703542 	 2.917241 
-1.726821 	 2.917203 
-1.777006 	 2.917946 
-1.785985 	 2.917645 
-1.824477 	 2.915416 
-1.875465 	 2.917526 
-1.902367 	 2.919040 
-1.937430 	 2.868389 
-1.976406 	 2.919103 
-1.977542 	 2.911258 
-2.035192 	 2.857723 
-2.097951 	 2.915209 
-2.102825 	 2.913071 
-2.147663 	 2.918361 
-2.164905 	 2.960855 
-2.187286 	 2.959097 
-2.211154 	 2.951253 
-2.262284 	 2.967624 
-2.287166 	 2.959131 
-2.335622 	 2.970679 
-2.361276 	 2.970783 
-2.410715 	 2.968350 
-2.460512 	 2.972841 
-2.461166 	 2.972586 
-2.510473 	 2.973863 
-2.533773 	 2.964826 
-2.562833 	 2.961247 
-2.608884 	 2.965161 
-2.658826 	 2.967555 
-2.666260 	 2.966446 
-2.712417 	 2.966986 
-2.737992 	 2.967024 
-2.763429 	 2.963135 
-2.813127 	 2.968241 
-2.837960 	 2.970804 
-2.888004 	 2.973714 
-2.913031 	 2.975630 
-2.938082 	 2.978014 
-2.986726 	 2.989293 
-3.004107 	 3.003082 
-3.027272 	 3.012306 
-3.052210 	 3.016553 
-3.099629 	 3.028914 
-3.099414 	 3.029364 
-3.146274 	 3.049501 
-3.166042 	 3.064926 
-3.165098 	 3.064136 
-3.209258 	 3.089955 
-3.224256 	 3.110019 
-3.243530 	 3.123441 
-3.263439 	 3.140904 
-3.300577 	 3.173877 
-3.319025 	 3.190672 
-3.338717 	 3.206075 
-3.376476 	 3.238660 
-3.383523 	 3.287691 
-3.386956 	 3.337219 
-3.406426 	 3.352901 
-3.439643 	 3.426041 
-3.421071 	 3.481453 
-3.449074 	 3.451216 
-3.463370 	 3.492227 
-3.424393 	 3.515222 
-3.436689 	 3.514546 
-3.432329 	 3.564443 
-3.458842 	 3.584401 
-3.486564 	 3.584000 
-3.487651 	 3.632103 
-3.488050 	 3.657569 
-3.487813 	 3.677516 
-3.440219 	 3.755226 
-3.440240 	 3.760153 
-3.440685 	 3.786461 
-3.455704 	 3.832918 
-3.442046 	 3.882332 
-3.441735 	 3.882857 
-3.442199 	 3.931514 
-3.455559 	 3.980318 
-3.473240 	 4.006783 
-3.466324 	 4.054341 
-3.466601 	 4.054618 
-3.452345 	 4.077101 
-3.443777 	 4.130937 
-3.450000 	 4.154737 
-3.452952 	 4.178801 
-3.453766 	 4.222272 
-3.452925 	 4.282628 
-3.459922 	 4.299889 
-3.459922 	 4.349921 
-3.460595 	 4.398142 
-3.458155 	 4.404210 
-3.459082 	 4.443143 
-3.462733 	 4.494094 
-3.462321 	 4.518900 
-3.462099 	 4.573592 
-3.462048 	 4.619913 
-3.462383 	 4.625183 
-3.462193 	 4.654355 
-3.462138 	 4.704947 
-3.461590 	 4.744989 
-3.461756 	 4.778244 
-3.466083 	 4.847737 
-3.466617 	 4.868602 
-3.466593 	 4.918596 
-3.467084 	 4.958225 
-3.465980 	 4.993540 
-3.466524 	 5.021832 
-3.466180 	 5.056401 
-3.466885 	 5.105521 
-3.464935 	 5.151718 
-3.464451 	 5.201770 
-3.465244 	 5.203966 
-3.463613 	 5.303940 
-3.463315 	 5.326810 
-3.461881 	 5.351769 
-3.439870 	 5.392578 
-3.435539 	 5.420272 
-3.428676 	 5.441320 
-3.419141 	 5.490398 
-3.417761 	 5.518445 
-3.394905 	 5.528527 
-3.376408 	 5.546820 
-3.350000 	 5.550000 
-3.324169 	 5.616910 
-3.350000 	 5.600000 
-3.298676 	 5.653154 
-3.248217 	 5.677556 
-3.318702 	 5.687053 
-3.287099 	 5.741518 
-3.269403 	 5.759177 
-3.239597 	 5.779054 
-3.229469 	 5.794826 
-3.169059 	 5.811841 
-3.141261 	 5.808269 
-3.105601 	 5.808309 
-3.092386 	 5.852988 
-3.084645 	 5.867508 
-2.998309 	 5.855397 
-2.974747 	 5.863755 
-2.957632 	 5.876416 
-2.917670 	 5.874520 
-2.920940 	 5.869483 
-2.984572 	 5.856903 
-3.040860 	 5.732970 
-3.038081 	 5.748155 
-2.996941 	 5.727980 
-2.775977 	 5.809661 
-2.831865 	 5.899892 
-2.751192 	 5.911904 
-2.727656 	 5.920331 
-2.643554 	 5.953385 
-2.646673 	 5.993442 
-2.598464 	 5.996800 
-2.563834 	 6.083217 
-2.492102 	 6.043321 
-2.467802 	 6.049195 
-2.387887 	 6.055629 
-2.426934 	 6.040991 
-2.416655 	 6.100893 
-2.344695 	 6.121958 
-2.301359 	 6.035256 
-2.298147 	 6.002886 
-2.267862 	 6.115114 
-2.175968 	 6.035440 
-2.125914 	 6.035474 
-2.085663 	 6.083345 
-2.012658 	 6.093222 
-1.962624 	 6.093259 
-1.817730 	 6.137540 
-1.626473 	 6.185445 
-1.558884 	 6.244095 
-1.446452 	 6.174509 
-1.271366 	 6.177588 
-1.205078 	 6.224486 
-1.055000 	 6.223096 
-0.879974 	 6.274663 
-0.779985 	 6.277146 
-0.616820 	 6.328247 
-0.566925 	 6.328601 
-0.399320 	 6.380933 
-0.249361 	 6.386389 
-0.100000 	 6.400000 
-0.050000 	 6.450000 
0.000000 	 6.500000 
0.000000 	 6.500000 
