0.251806
0.314054
0.336085
0.258818
0.000000
0.320568
0.291378
0.281289
0.185300
0.258118
0.201114
0.224587
0.242488
0.263216
0.220816
0.243184
0.236443
0.296526
0.256783
0.253172
0.113625
0.249611
0.161371
0.229009
0.069267
0.172028
0.044682
0.176299
0.221161
0.099549
0.210814
0.123275
0.209484
0.000000
0.000000
0.349979
0.254798
0.118320
0.204442
0.173114
0.179121
0.139530
0.210441
0.322145
0.196792
0.164526
0.251202
0.231309
0.256157
0.162331
0.182693
0.255827
0.236730
0.229141
0.257142
0.174754
0.202534
0.229680
0.243693
0.000000
0.247746
0.254862
0.227903
