0.535000
0.534990
0.535001
0.518071
0.535007
0.535011
0.526338
0.535002
0.535007
0.639587
0.540382
0.610915
0.102672
0.490135
0.501123
0.345085
0.090515
0.038762
2.542462
0.556587
0.535006
0.534964
0.535001
0.515709
2.318699
2.388526
2.380139
2.109147
1.541596
0.535005
0.534964
0.535004
0.839902
0.478389
0.489949
0.518433
0.509542
0.450831
0.466056
0.473561
0.024591
0.500109
0.271122
0.151046
0.154923
0.260884
0.160293
0.160060
0.161256
0.148846
0.142105
0.147530
0.147002
0.139392
0.148052
0.286247
0.558085
0.580137
1.185245
2.121247
1.552765
1.279954
0.948660
1.516251
0.899280
1.614272
1.263120
0.392992
0.864970
1.265190
1.525149
1.267145
1.559561
1.529274
1.555880
0.946574
0.963158
1.132460
0.749638
0.857760
1.470073
1.054527
0.662288
1.249444
0.788162
0.873827
0.793117
0.843464
0.815221
0.423923
0.478938
0.459830
0.999258
0.917489
1.511779
0.878931
1.323852
0.768847
0.802561
0.513494
0.611165
0.529797
0.960857
0.056005
0.143251
0.535003
0.102361
0.092320
0.905486
0.331217
0.288208
0.049079
0.039407
0.063991
0.059416
0.101715
0.096515
0.591424
0.082388
0.147838
0.363979
0.254524
0.162629
0.369428
0.408127
0.207489
0.111504
1.528302
0.981882
1.235625
-0.000000
1.292215
1.149723
0.965537
0.343202
0.154982
0.080981
0.077695
0.079593
0.062840
0.049246
0.068119
0.133346
0.534997
0.083269
0.913005
0.627801
1.109378
0.895364
1.036708
0.990610
1.055072
0.811048
1.151703
1.127166
0.929190
1.021849
1.560580
0.838709
1.377591
0.953474
1.333465
1.320615
1.051818
0.584458
0.786550
0.450265
0.609549
-0.000000
0.724488
0.620469
0.616885
0.476411
0.481291
0.674659
0.537738
0.605216
0.582008
0.499872
0.429101
0.497494
0.463867
0.572455
0.509488
0.557480
0.489367
0.720372
0.813512
0.736692
0.511406
0.591074
0.547102
0.623469
0.530145
0.442799
0.601231
0.467093
0.601291
0.556047
0.552285
0.473006
0.600256
0.485818
0.436189
0.470424
0.077897
0.084824
0.534991
0.534999
0.534998
0.534977
0.534990
0.534991
0.535001
0.535003
0.535003
0.535003
-0.000000
0.535003
0.535003
0.535003
0.535002
0.535000
0.535003
0.534993
0.535003
0.534992
0.535003
0.535003
0.535003
0.594339
0.895925
0.962200
0.843281
1.045279
0.942447
0.500720
0.266833
0.449621
0.902739
0.951722
0.620500
0.728510
0.916685
0.970798
0.770697
0.030172
0.535003
0.584999
0.663151
0.583083
0.585002
0.730750
0.473887
0.252275
0.534993
0.535001
0.534996
0.535003
0.535002
0.464675
0.534992
1.256317
0.844020
0.643745
0.645743
0.515545
1.255233
2.190195
2.205221
2.193448
0.569338
1.089611
2.339349
2.016731
1.035931
1.289044
2.252641
0.807418
0.784285
0.665476
2.219667
0.534977
0.535000
0.565874
0.533966
1.350766
0.811194
0.945255
0.848852
0.485791
0.459668
0.477374
0.837141
0.655730
0.920354
0.789298
1.466563
0.521198
0.692641
1.467582
0.414631
0.751194
0.923573
1.335213
0.802042
0.471928
0.470741
0.665271
1.143726
1.257306
0.631907
1.132544
0.536875
0.936591
0.810732
1.022376
0.186578
0.535002
0.535002
0.352326
1.157891
1.084334
1.007925
1.043795
0.664306
1.041242
0.493932
0.422963
0.460230
0.527958
0.512579
0.411571
0.455829
0.386936
0.411953
0.884313
0.430876
0.603715
0.466392
0.546425
0.454990
0.538384
0.533678
1.016008
0.466774
0.370957
0.028154
0.037310
0.134640
0.528626
0.784201
0.922249
0.798096
0.977104
0.717404
0.385543
0.533006
0.535000
0.525479
0.490664
0.554091
0.500179
0.463727
0.447013
0.535002
0.377784
0.479378
0.450571
0.411074
0.535000
0.336901
0.524567
0.544835
0.539223
0.661382
0.549446
0.524375
0.534999
0.534995
0.590257
0.486088
2.678789
0.349440
0.136636
0.271213
0.534962
0.543615
0.534992
0.703707
0.601043
0.534990
0.486079
0.534997
0.535003
0.535013
0.528870
0.453083
0.530404
0.539299
0.473016
0.589844
0.563674
0.536977
0.555960
0.535002
0.535003
0.534998
0.534990
0.535003
0.372831
0.341219
0.374627
0.323330
0.464771
0.327461
0.374651
0.342551
0.549724
0.590360
0.513360
0.366935
0.574551
0.360882
0.969730
0.951032
0.535002
0.711794
0.584985
0.069824
0.584974
0.584971
0.584977
0.579691
0.585000
0.520919
0.092587
0.536871
0.580358
0.284671
0.597889
0.502979
0.231707
0.265681
0.348524
0.238596
0.325194
0.196510
0.584999
0.277241
0.433844
0.345785
0.351319
0.388731
0.508175
0.482853
0.601797
0.220008
0.584976
0.584966
0.584980
0.584989
0.584981
0.116100
0.584979
0.584971
0.219632
0.584983
0.444359
0.148580
0.242931
0.197398
0.388778
0.584995
0.562895
0.584991
0.142349
1.377017
0.585000
0.585000
0.610576
0.943985
1.313962
1.170904
1.239041
1.333505
1.322842
0.584989
0.585001
0.684192
0.118971
0.169173
0.088525
0.441592
0.271750
0.585000
0.584997
0.584973
0.155148
0.584971
0.584999
1.444577
0.584983
0.584974
0.961538
0.832787
1.167729
1.396683
1.321571
0.791024
1.103238
1.127094
1.244372
1.161311
1.375646
1.680945
1.032251
1.182317
1.788813
0.516543
1.712780
1.477216
1.314836
0.584981
1.598226
1.170829
1.795194
1.163665
1.460904
1.421026
1.433758
1.374664
1.496766
0.315678
0.278147
0.683535
1.029503
0.408176
0.708670
0.605644
0.744783
0.677898
0.777485
1.048618
0.917324
0.521274
0.584980
0.585002
0.669667
1.283569
0.584974
1.456232
0.881574
0.826003
1.384527
0.584978
1.135896
1.030742
0.795769
0.962132
1.139440
0.085939
0.521084
0.028048
0.584972
0.584993
0.741160
0.502219
1.619293
1.585757
1.193485
1.216951
1.026481
1.353901
1.294083
0.583533
0.584999
0.584976
0.290589
0.265976
0.488336
0.265737
1.287002
0.359217
1.078043
0.164130
0.276108
0.294086
0.585003
0.093424
0.585007
0.585001
0.584966
0.396631
0.749610
0.219209
0.168140
0.201909
0.216137
0.459081
0.304812
0.353303
0.114221
0.950636
0.604043
0.527056
0.805972
0.582374
0.136275
0.088657
0.584968
0.113659
0.585001
0.584984
0.585004
0.584999
0.390600
0.451831
0.416316
0.503942
0.217337
0.347741
0.336825
0.272828
0.355804
0.206374
0.664490
0.287494
0.277505
0.413573
0.824963
0.774073
0.043330
0.254926
0.379163
0.298336
0.495301
0.358893
0.200209
0.321930
0.168874
0.298134
0.282129
0.251546
0.171821
0.284230
0.151597
0.751007
0.774775
0.584972
1.386301
1.334622
1.368241
1.733166
1.064820
1.294358
0.361516
0.353043
0.329561
0.566366
0.584966
0.631110
0.580318
0.113625
0.468701
0.738333
0.552938
1.006909
2.406926
2.657228
3.621084
3.276911
2.528525
0.734649
1.840926
3.519712
1.796964
1.623973
1.752260
0.585007
1.531878
