32.152950 
3.274855 
2.623954 
28.921104 
0.053859 
0.000000 
11.978764 
29.266128 
0.000000 
6.876573 
20.885405 
46.031805 
7.449880 
0.280412 
0.000000 
18.910734 
19.352539 
3.102621 
11.075432 
17.162888 
14.985223 
2.582384 
0.126725 
0.010789 
4.337640 
13.406913 
5.193281 
9.573015 
6.123442 
11.337629 
0.000000 
10.574515 
8.821159 
2.479313 
12.818973 
3.841849 
2.910016 
10.671777 
11.603925 
8.673149 
3.825157 
4.204501 
9.028660 
2.282564 
2.796552 
8.232777 
8.682471 
3.571403 
4.815703 
7.555012 
3.334212 
0.000000 
2.285988 
0.040383 
0.000000 
0.000259 
4.911232 
3.543001 
3.642261 
4.207044 
2.688544 
2.018530 
1.707806 
5.389511 
5.519999 
8.080056 
7.922549 
8.168500 
8.156874 
6.370388 
6.534612 
9.875934 
6.051145 
5.766909 
6.174841 
7.923160 
2.251851 
13.217657 
10.248710 
5.376575 
3.818572 
6.345134 
3.218752 
3.173353 
0.000000 
4.886478 
4.049913 
3.925827 
4.094912 
4.113772 
8.932002 
4.930882 
4.881675 
5.135899 
12.656702 
31.741295 
9.972135 
0.000000 
9.821133 
10.458867 
16.159734 
0.000000 
5.160571 
10.045666 
9.876110 
9.960111 
0.000000 
5.129380 
2.487900 
9.937531 
0.000000 
4.175555 
4.059609 
4.053208 
11.954555 
0.000000 
4.247195 
2.632387 
4.033329 
6.929249 
3.295499 
4.982485 
4.626452 
3.071408 
5.730428 
3.528830 
3.339516 
3.940355 
5.008667 
3.831008 
4.786965 
5.128683 
2.796337 
2.774245 
5.178588 
1.452267 
1.403007 
2.638686 
1.776002 
2.731147 
2.656275 
2.963287 
4.693061 
3.249268 
4.718788 
6.546316 
6.526384 
4.326244 
4.704869 
4.295056 
4.072034 
4.463654 
2.826833 
5.610333 
2.917224 
11.441534 
2.285619 
2.003439 
0.000000 
2.658943 
2.472054 
2.063858 
0.000000 
2.796215 
2.044752 
3.382677 
2.486843 
11.546725 
10.826985 
2.678847 
12.022878 
11.689176 
0.000000 
11.337738 
19.177870 
12.374252 
16.143869 
4.242223 
0.180797 
0.041399 
2.319008 
9.163685 
21.952533 
17.616111 
15.733228 
13.218323 
0.029592 
1.199741 
1.139738 
0.300706 
0.000000 
6.348007 
0.042721 
0.078019 
0.079991 
9.697321 
2.365765 
4703.916511 
11.526004 
0.000000 
0.000000 
0.000000 
9.251417 
10.456140 
18.536962 
8.532802 
0.000000 
8.961849 
11.365471 
0.000000 
27.718120 
11.088607 
11.308068 
6.018133 
11.513517 
0.000000 
0.000000 
11.417483 
3.949080 
2.157860 
11.759944 
1.967661 
10.310710 
2.326846 
2.228616 
1.999590 
1.954224 
1.848153 
3.086541 
2.162281 
11.160613 
11.247815 
0.000000 
0.000000 
0.000000 
0.000000 
0.000000 
0.000000 
0.000000 
0.000000 
0.000000 
18.176072 
11.336815 
21.051046 
11.018496 
17.453366 
6.158918 
1.988074 
23.702078 
2.307909 
9.621098 
26.684000 
0.000000 
0.000000 
0.000000 
0.000000 
0.000000 
0.000000 
0.000000 
0.000000 
0.000000 
0.000000 
0.000000 
0.000000 
0.000000 
0.000000 
0.000000 
0.000000 
0.000000 
0.000000 
0.000000 
0.000000 
0.000000 
0.000000 
0.000000 
0.000000 
0.000000 
0.000000 
0.000000 
0.000000 
0.000000 
0.000000 
0.000000 
0.000000 
0.000000 
0.000000 
0.000000 
0.000000 
0.000000 
0.000000 
0.000000 
0.000000 
0.000000 
0.000000 
0.000000 
0.000000 
0.000000 
0.000000 
0.000000 
0.000000 
0.000000 
0.000000 
0.000000 
0.000000 
0.000000 
0.000000 
0.000000 
0.000000 
0.000000 
0.000000 
0.000000 
0.000000 
0.000000 
0.000000 
0.000000 
0.000000 
0.000000 
0.000000 
0.000000 
0.000000 
0.000000 
0.000000 
0.000000 
0.000000 
0.000000 
0.000000 
0.000000 
0.000000 
0.000000 
0.000000 
0.000000 
0.000000 
0.000000 
0.000000 
0.000000 
0.000000 
0.000000 
0.000000 
0.000000 
0.000000 
0.000000 
0.000000 
0.000000 
0.000000 
0.000000 
0.000000 
0.000000 
0.000000 
0.000000 
0.000000 
0.000000 
0.000000 
0.000000 
0.000000 
0.000000 
0.000000 
0.000000 
0.000000 
0.000000 
0.000000 
0.000000 
0.000000 
0.000000 
0.000000 
0.000000 
0.000000 
0.000000 
3.106654 
0.000000 
0.000000 
0.000000 
0.000000 
0.000000 
0.000000 
0.000000 
0.000000 
0.000000 
0.000000 
0.000000 
0.000000 
0.000000 
0.000000 
0.000000 
0.000000 
0.000000 
0.000000 
0.000000 
0.000000 
0.000000 
0.000000 
0.000000 
0.000000 
0.000000 
0.000000 
0.000000 
0.000000 
0.000000 
0.000000 
0.000000 
0.000000 
0.000000 
0.000000 
0.000000 
0.000000 
0.000000 
0.000000 
0.000000 
0.000000 
0.000000 
0.000000 
0.000000 
0.000000 
0.000000 
0.000000 
0.000000 
0.000000 
0.000000 
0.000000 
0.000000 
0.000000 
0.000000 
0.000000 
0.000000 
0.000000 
0.000000 
0.358019 
0.000000 
0.000000 
0.000000 
0.000000 
0.000000 
0.000000 
0.000000 
0.000000 
0.000000 
0.000000 
0.000000 
0.000000 
0.000000 
0.000000 
0.000000 
0.000000 
0.000000 
0.000000 
0.000000 
0.000000 
0.000000 
0.000000 
0.000000 
0.000000 
0.000000 
0.000000 
0.000000 
0.000000 
0.000000 
0.000000 
0.000000 
0.000000 
0.000000 
0.000000 
0.000000 
0.000000 
0.000000 
0.000000 
0.000000 
0.000000 
0.000000 
0.000000 
0.000000 
0.000000 
0.000000 
0.000000 
0.000000 
0.000000 
0.000000 
0.000000 
0.000000 
0.000000 
0.000000 
0.000000 
0.000000 
0.000000 
0.000000 
0.000000 
0.000000 
0.000000 
0.000000 
0.000000 
0.000000 
0.000000 
0.000000 
0.000000 
0.000000 
0.000000 
0.000000 
0.000000 
0.000000 
0.000000 
0.000000 
0.000000 
0.000000 
0.000000 
0.000000 
0.000000 
0.000000 
0.000000 
0.000000 
0.000000 
0.000000 
0.000000 
0.000000 
0.000000 
0.000000 
0.000000 
0.000000 
0.000000 
